0 94 30
1 56 36
2 30 17
3 78 18
4 85 34
5 58 29
6 8 37
7 59 55
8 59 12
9 12 12
10 34 25
11 16 12
12 62 14
13 30 8
14 6 33
15 17 5
16 70 18
17 39 14
18 39 37
19 32 39
20 87 16
21 76 57
22 81 17
23 36 53
24 19 56
25 90 8
26 80 10
27 5 5
28 96 18
29 32 56
30 94 24
31 73 49
32 86 33
33 54 42
34 34 13
35 17 13
36 5 16
37 48 46
38 79 10
39 9 25
40 16 2
41 93 35
42 87 38
43 61 15
44 67 42
45 41 16
46 61 19
47 6 3
48 35 28
49 96 56
0 2 41
1 42 43
2 6 56
3 85 2
4 55 38
5 23 54
6 63 10
7 81 46
8 59 58
9 39 28
10 14 44
11 36 24
12 94 20
13 77 21
14 32 13
15 42 31
16 84 34
17 91 27
18 44 22
19 6 42
20 47 55
21 37 25
22 96 21
23 97 35
24 27 39
25 93 8
26 81 52
27 25 2
28 10 11
29 30 22
30 52 2
31 49 54
32 30 10
33 56 57
34 35 56
35 47 46
36 9 54
37 50 8
38 27 38
39 66 54
40 8 34
41 98 26
42 97 20
43 44 56
44 9 48
45 25 31
46 16 30
47 97 25
48 80 4
49 4 55
0 87 14
1 93 2
2 88 21
3 5 33
4 59 37
5 96 6
6 85 41
7 18 29
8 52 9
9 98 53
10 89 54
11 90 10
12 15 46
13 16 6
14 96 10
15 77 45
16 26 54
17 8 4
18 75 55
19 92 33
20 77 57
21 79 30
22 79 4
23 76 20
24 23 29
25 8 54
26 74 55
27 28 4
28 35 21
29 24 1
30 35 2
31 99 35
32 18 2
33 54 23
34 42 13
35 75 38
36 46 29
37 66 55
38 28 13
39 96 38
40 79 48
41 89 8
42 51 45
43 56 39
44 47 14
45 57 56
46 38 28
47 95 10
48 39 2
49 81 23
0 48 42
1 18 2
2 57 57
3 46 46
4 23 22
5 11 29
6 78 42
7 28 19
8 79 32
9 13 8
10 49 19
11 93 34
12 73 42
13 95 21
14 44 2
15 13 56
16 70 3
17 21 31
18 81 51
19 80 15
20 18 13
21 96 42
22 14 21
23 88 2
24 11 24
25 5 36
26 75 1
27 32 56
28 91 43
29 15 3
30 64 22
31 85 30
32 28 5
33 23 21
34 55 20
35 22 27
36 86 53
37 91 8
38 59 45
39 10 27
40 18 15
41 7 11
42 11 6
43 15 58
44 9 31
45 51 8
46 25 56
47 84 34
48 36 39
49 78 48
0 72 47
1 5 52
2 82 36
3 17 15
4 58 55
5 3 5
6 96 49
7 34 55
8 46 2
9 69 37
10 77 57
11 16 24
12 71 12
13 36 6
14 81 45
15 39 31
16 87 31
17 51 41
18 83 39
19 71 21
20 27 14
21 97 55
22 82 31
23 24 18
24 42 55
25 95 8
26 30 25
27 95 54
28 74 41
29 11 9
30 94 43
31 98 34
32 19 3
33 69 22
34 37 47
35 45 57
36 25 28
37 21 40
38 78 55
39 98 30
40 62 20
41 85 55
42 82 56
43 46 30
44 53 2
45 94 44
46 80 7
47 5 34
48 35 30
49 38 44
0 85 57
1 91 43
2 39 41
3 97 31
4 3 6
5 72 39
6 57 39
7 52 31
8 15 34
9 83 24
10 54 40
11 72 22
12 3 3
13 25 43
14 92 45
15 99 53
16 76 42
17 40 18
18 83 36
19 85 40
20 37 47
21 59 57
22 13 37
23 63 45
24 6 30
25 93 39
26 15 36
27 98 38
28 25 16
29 28 10
30 88 24
31 40 16
32 15 54
33 80 12
34 18 46
35 33 2
36 73 48
37 7 29
38 21 32
39 35 26
40 70 57
41 58 17
42 96 50
43 71 2
44 32 4
45 60 39
46 91 54
47 13 45
48 41 1
49 13 30
0 26 29
1 37 48
2 70 29
3 3 11
4 5 39
5 8 5
6 80 49
7 11 18
8 51 41
9 93 9
10 32 27
11 18 11
12 13 23
13 62 22
14 56 21
15 93 15
16 11 24
17 99 15
18 41 44
19 52 2
20 87 40
21 13 43
22 40 19
23 3 34
24 14 44
25 98 22
26 5 18
27 90 41
28 43 14
29 44 18
30 38 16
31 13 42
32 36 12
33 50 44
34 67 55
35 11 50
36 73 52
37 53 44
38 34 13
39 22 37
40 87 56
41 8 39
42 68 46
43 98 21
44 93 7
45 85 13
46 11 37
47 5 30
48 98 24
49 4 24
0 55 31
1 92 11
2 18 14
3 80 53
4 87 43
5 9 2
6 39 18
7 37 5
8 42 42
9 51 30
10 25 22
11 41 2
12 54 17
13 90 33
14 90 47
15 52 15
16 92 26
17 33 41
18 88 3
19 67 39
20 70 21
21 85 2
22 89 20
23 29 13
24 84 22
25 26 25
26 87 22
27 83 3
28 10 57
29 96 47
30 89 28
31 21 32
32 88 2
33 6 40
34 63 28
35 5 44
36 55 42
37 43 45
38 5 51
39 4 29
40 18 20
41 40 16
42 44 30
43 85 39
44 90 50
45 18 22
46 37 54
47 12 20
48 71 9
49 35 57
0 8 3
1 61 29
2 21 2
3 96 22
4 43 41
5 36 23
6 9 49
7 64 9
8 35 26
9 92 50
10 84 1
11 92 56
12 28 25
13 6 2
14 59 40
15 70 55
16 77 47
17 91 26
18 26 43
19 38 41
20 56 56
21 57 9
22 56 58
23 30 29
24 45 45
25 5 50
26 89 54
27 26 42
28 31 15
29 96 5
30 73 42
31 37 17
32 87 33
33 69 43
34 22 40
35 60 19
36 10 13
37 45 31
38 26 28
39 9 38
40 6 24
41 12 28
42 31 38
43 93 54
44 44 30
45 35 20
46 4 50
47 6 21
48 64 45
49 69 38
0 61 7
1 50 44
2 28 44
3 94 8
4 4 18
5 19 35
6 28 2
7 91 14
8 58 21
9 57 15
10 64 17
11 47 8
12 63 30
13 99 53
14 91 53
15 2 16
16 32 15
17 45 7
18 57 45
19 34 41
20 60 44
21 34 17
22 33 15
23 79 24
24 80 13
25 86 44
26 53 45
27 85 6
28 9 12
29 6 35
30 89 41
31 74 17
32 43 22
33 3 29
34 31 23
35 79 41
36 64 10
37 89 24
38 52 56
39 57 29
40 62 40
41 46 16
42 97 38
43 32 15
44 94 11
45 76 31
46 72 29
47 86 23
48 29 39
49 82 20
0 31 11
1 89 27
2 4 37
3 5 23
4 30 55
5 90 46
6 57 13
7 47 41
8 44 54
9 9 21
10 5 20
11 31 38
12 69 40
13 90 42
14 69 13
15 95 8
16 94 27
17 11 19
18 54 31
19 93 25
20 80 50
21 24 16
22 57 40
23 25 30
24 25 30
25 87 52
26 58 8
27 8 4
28 72 19
29 11 44
30 35 23
31 53 28
32 50 17
33 90 5
34 98 54
35 93 14
36 31 54
37 9 9
38 55 56
39 5 47
40 31 30
41 58 19
42 20 29
43 17 16
44 3 7
45 49 41
46 24 21
47 3 33
48 22 5
49 52 56
0 26 4
1 25 56
2 6 14
3 8 43
4 48 28
5 70 44
6 35 39
7 58 37
8 12 48
9 35 2
10 25 25
11 68 17
12 18 30
13 16 41
14 73 20
15 28 26
16 20 56
17 35 16
18 75 36
19 73 55
20 88 9
21 91 12
22 61 16
23 64 38
24 10 25
25 11 21
26 23 22
27 84 46
28 18 57
29 16 28
30 66 44
31 40 3
32 17 25
33 35 2
34 46 45
35 52 56
36 35 46
37 95 29
38 41 36
39 92 39
40 31 29
41 20 4
42 61 56
43 9 4
44 89 45
45 65 19
46 30 30
47 10 43
48 81 35
49 86 11
0 2 41
1 60 42
2 19 20
3 66 2
4 11 23
5 79 45
6 76 22
7 32 46
8 91 38
9 23 22
10 4 18
11 24 25
12 23 24
13 82 44
14 11 28
15 98 16
16 64 43
17 96 19
18 8 43
19 82 21
20 88 2
21 90 18
22 7 26
23 80 57
24 5 22
25 49 16
26 75 19
27 8 55
28 94 4
29 59 55
30 4 8
31 63 44
32 38 40
33 58 28
34 59 45
35 17 9
36 90 18
37 4 13
38 89 57
39 81 56
40 8 36
41 23 18
42 85 23
43 79 4
44 27 7
45 33 55
46 94 19
47 73 52
48 31 16
49 92 8
0 77 17
1 49 18
2 22 24
3 73 42
4 59 18
5 37 47
6 67 2
7 22 38
8 48 44
9 20 6
10 89 35
11 41 55
12 93 49
13 27 18
14 93 24
15 49 39
16 79 26
17 71 42
18 6 52
19 5 25
20 24 41
21 27 30
22 81 43
23 33 11
24 93 33
25 6 51
26 20 8
27 62 54
28 75 43
29 9 23
30 11 3
31 93 5
32 61 41
33 84 28
34 4 46
35 2 3
36 78 19
37 7 48
38 4 40
39 12 9
40 22 55
41 72 18
42 95 5
43 33 46
44 84 37
45 88 29
46 87 29
47 39 7
48 44 16
49 98 24
0 51 30
1 79 1
2 16 56
3 85 19
4 28 11
5 67 31
6 12 14
7 12 18
8 59 28
9 68 2
10 16 41
11 48 30
12 17 6
13 85 26
14 67 2
15 50 54
16 29 29
17 46 21
18 50 44
19 37 14
20 75 29
21 41 42
22 50 30
23 87 35
24 84 32
25 16 11
26 24 8
27 81 7
28 26 17
29 34 22
30 22 31
31 88 47
32 15 22
33 65 30
34 4 11
35 90 34
36 4 7
37 95 23
38 71 54
39 80 33
40 82 23
41 75 37
42 29 9
43 20 29
44 4 7
45 83 12
46 89 26
47 37 37
48 90 31
49 71 15
0 97 50
1 37 7
2 36 57
3 42 23
4 44 41
5 12 33
6 7 35
7 90 47
8 19 40
9 72 52
10 5 16
11 42 16
12 66 42
13 4 38
14 19 44
15 51 55
16 76 16
17 6 51
18 77 20
19 26 13
20 72 28
21 91 45
22 85 48
23 27 36
24 34 19
25 46 56
26 66 45
27 44 44
28 4 35
29 12 21
30 32 4
31 67 27
32 22 27
33 20 5
34 72 54
35 45 14
36 68 37
37 87 29
38 10 5
39 44 20
40 82 23
41 26 19
42 2 36
43 18 11
44 26 1
45 6 23
46 51 8
47 33 17
48 43 18
49 65 28
0 81 29
1 27 44
2 80 17
3 56 20
4 35 24
5 31 37
6 3 19
7 87 15
8 27 24
9 42 56
10 84 37
11 69 28
12 13 24
13 45 9
14 43 31
15 82 20
16 47 20
17 16 14
18 3 50
19 68 23
20 2 33
21 56 18
22 43 42
23 4 14
24 92 28
25 69 43
26 15 38
27 19 36
28 25 6
29 54 56
30 98 8
31 18 33
32 12 43
33 32 23
34 76 56
35 37 13
36 86 5
37 10 18
38 7 27
39 33 29
40 50 16
41 50 8
42 66 2
43 3 40
44 30 15
45 11 33
46 83 6
47 8 34
48 78 45
49 21 56
0 58 3
1 17 22
2 76 16
3 72 44
4 5 37
5 3 42
6 9 32
7 59 18
8 8 21
9 64 38
10 15 16
11 48 29
12 2 15
13 79 4
14 7 55
15 13 13
16 50 16
17 76 2
18 27 29
19 54 42
20 10 30
21 19 44
22 95 49
23 16 32
24 69 28
25 34 8
26 12 11
27 90 33
28 55 41
29 88 57
30 66 30
31 53 42
32 36 22
33 84 46
34 86 31
35 12 4
36 80 34
37 73 9
38 27 20
39 30 1
40 45 44
41 55 37
42 76 29
43 3 4
44 39 40
45 84 27
46 17 16
47 51 57
48 87 29
49 83 44
0 24 42
1 11 6
2 7 32
3 86 37
4 13 38
5 62 7
6 11 43
7 23 46
8 71 39
9 29 28
10 84 46
11 34 15
12 15 16
13 42 15
14 2 6
15 43 46
16 38 18
17 3 39
18 21 56
19 44 40
20 23 39
21 94 43
22 48 19
23 91 14
24 34 46
25 84 5
26 15 40
27 91 7
28 36 5
29 9 14
30 78 54
31 72 46
32 65 18
33 72 28
34 97 27
35 7 57
36 4 35
37 60 15
38 60 45
39 29 18
40 70 42
41 32 38
42 4 30
43 38 2
44 3 54
45 59 37
46 4 48
47 69 15
48 9 19
49 39 47
0 47 56
1 69 3
2 24 36
3 25 18
4 39 15
5 25 26
6 5 21
7 25 56
8 81 32
9 20 26
10 95 13
11 36 28
12 57 18
13 93 29
14 43 58
15 6 44
16 98 28
17 78 36
18 29 2
19 15 19
20 6 54
21 87 44
22 73 57
23 36 26
24 26 45
25 77 53
26 18 8
27 4 38
28 40 11
29 85 25
30 21 29
31 8 8
32 2 28
33 70 9
34 30 25
35 20 41
36 11 36
37 83 46
38 11 40
39 17 13
40 25 18
41 27 54
42 13 40
43 96 37
44 2 24
45 60 41
46 78 22
47 84 56
48 21 19
49 24 25
0 97 17
1 25 15
2 57 15
3 71 17
4 49 41
5 21 4
6 19 13
7 7 48
8 93 41
9 80 21
10 42 18
11 85 15
12 72 29
13 54 44
14 77 22
15 24 57
16 85 30
17 18 3
18 82 46
19 15 15
20 31 15
21 26 9
22 40 12
23 17 56
24 33 44
25 95 37
26 44 39
27 30 12
28 20 35
29 62 1
30 95 38
31 91 53
32 18 16
33 96 53
34 33 12
35 53 58
36 58 56
37 85 21
38 11 49
39 17 39
40 19 43
41 24 11
42 51 56
43 15 18
44 61 56
45 30 20
46 37 17
47 76 29
48 74 23
49 66 8
0 3 43
1 90 38
2 80 17
3 64 57
4 37 37
5 3 4
6 60 36
7 92 18
8 50 16
9 83 15
10 84 19
11 45 54
12 13 9
13 9 34
14 92 46
15 31 19
16 92 35
17 51 44
18 21 42
19 93 27
20 5 28
21 37 29
22 78 38
23 83 26
24 62 45
25 69 37
26 82 47
27 88 8
28 29 10
29 33 16
30 72 15
31 98 55
32 53 55
33 92 29
34 95 54
35 85 33
36 83 35
37 10 30
38 7 52
39 77 50
40 6 44
41 27 15
42 7 44
43 88 55
44 79 46
45 27 38
46 20 17
47 5 25
48 2 25
49 50 2
0 59 55
1 34 56
2 18 31
3 88 33
4 14 25
5 3 21
6 50 15
7 95 18
8 33 29
9 84 22
10 89 34
11 46 43
12 83 19
13 81 31
14 91 18
15 48 15
16 15 9
17 37 54
18 97 44
19 2 3
20 29 45
21 99 33
22 27 16
23 32 36
24 73 30
25 87 8
26 2 17
27 6 45
28 83 33
29 43 42
30 78 49
31 56 29
32 28 41
33 24 23
34 59 9
35 3 11
36 75 45
37 62 21
38 46 28
39 61 20
40 97 43
41 46 7
42 17 9
43 13 7
44 9 38
45 32 26
46 25 20
47 33 44
48 59 22
49 88 10
0 96 48
1 39 14
2 71 42
3 88 9
4 7 47
5 48 17
6 50 16
7 57 9
8 99 9
9 8 48
10 8 50
11 90 2
12 67 22
13 82 36
14 85 24
15 20 30
16 59 45
17 53 16
18 56 54
19 29 18
20 98 37
21 93 40
22 10 22
23 35 43
24 31 45
25 91 6
26 60 15
27 23 11
28 95 51
29 36 38
30 5 19
31 28 42
32 8 50
33 11 7
34 89 51
35 97 41
36 95 22
37 96 10
38 73 50
39 80 31
40 57 2
41 45 42
42 90 33
43 54 23
44 13 21
45 61 3
46 18 56
47 57 12
48 15 18
49 98 50
0 71 28
1 13 55
2 46 31
3 54 54
4 35 41
5 97 21
6 97 58
7 98 57
8 55 31
9 88 52
10 35 37
11 3 53
12 73 37
13 71 29
14 51 2
15 44 30
16 26 15
17 30 24
18 39 39
19 58 9
20 3 1
21 76 40
22 12 52
23 21 34
24 31 9
25 83 17
26 11 37
27 7 7
28 28 28
29 52 56
30 13 57
31 63 58
32 63 54
33 86 31
34 48 55
35 6 38
36 59 56
37 46 55
38 5 36
39 45 30
40 91 46
41 79 16
42 32 25
43 71 28
44 63 44
45 17 26
46 49 2
47 27 4
48 89 53
49 48 40
0 85 13
1 78 54
2 98 24
3 49 8
4 14 30
5 9 33
6 28 23
7 4 11
8 92 39
9 28 54
10 20 9
11 47 39
12 89 54
13 24 5
14 91 15
15 8 47
16 71 41
17 2 14
18 80 44
19 7 21
20 67 43
21 89 37
22 71 37
23 74 14
24 82 9
25 87 25
26 59 39
27 31 10
28 34 29
29 87 35
30 3 50
31 94 41
32 14 30
33 87 18
34 79 48
35 28 5
36 80 53
37 47 16
38 70 16
39 91 34
40 46 13
41 63 23
42 47 17
43 92 9
44 29 28
45 11 30
46 24 57
47 75 15
48 16 43
49 6 44
0 17 35
1 23 30
2 29 25
3 51 15
4 34 42
5 95 32
6 35 40
7 83 25
8 6 41
9 99 14
10 6 5
11 36 37
12 77 56
13 89 36
14 23 55
15 65 45
16 63 39
17 83 49
18 88 7
19 73 56
20 10 27
21 11 17
22 37 21
23 13 43
24 23 25
25 82 51
26 37 18
27 9 24
28 34 9
29 88 6
30 84 15
31 90 42
32 31 37
33 49 39
34 61 58
35 10 21
36 91 16
37 4 41
38 2 48
39 27 2
40 68 55
41 30 54
42 61 38
43 76 54
44 97 30
45 14 36
46 18 42
47 62 15
48 70 28
49 86 48
0 73 13
1 80 57
2 4 11
3 12 35
4 38 42
5 61 36
6 52 28
7 22 5
8 24 5
9 72 37
10 70 10
11 63 18
12 96 21
13 14 44
14 36 1
15 88 22
16 26 12
17 57 17
18 47 8
19 98 4
20 82 18
21 26 6
22 45 57
23 72 57
24 63 2
25 72 30
26 97 35
27 52 43
28 46 43
29 42 7
30 42 36
31 75 57
32 83 5
33 86 44
34 91 34
35 71 46
36 27 23
37 91 7
38 49 54
39 94 27
40 85 42
41 24 5
42 20 45
43 32 9
44 36 50
45 53 45
46 32 30
47 5 5
48 40 7
49 35 38
0 51 9
1 3 24
2 60 43
3 63 8
4 6 24
5 20 43
6 92 38
7 72 3
8 8 30
9 94 25
10 5 10
11 85 11
12 35 24
13 34 15
14 86 56
15 18 4
16 12 6
17 43 22
18 25 10
19 48 1
20 77 51
21 10 53
22 31 6
23 92 39
24 97 4
25 45 56
26 54 28
27 87 35
28 60 3
29 4 36
30 12 17
31 81 11
32 4 4
33 33 4
34 36 17
35 17 28
36 79 47
37 57 56
38 19 30
39 39 22
40 5 22
41 15 40
42 97 32
43 84 49
44 6 56
45 32 31
46 24 54
47 4 3
48 48 56
49 4 6
0 83 4
1 76 47
2 27 57
3 13 10
4 46 30
5 94 4
6 31 8
7 10 4
8 75 39
9 69 11
10 76 39
11 15 57
12 78 20
13 73 42
14 73 3
15 31 38
16 87 15
17 91 52
18 85 36
19 19 44
20 23 17
21 20 3
22 76 29
23 71 51
24 85 53
25 34 27
26 5 24
27 17 46
28 44 30
29 79 22
30 82 54
31 87 34
32 86 16
33 39 55
34 7 42
35 45 45
36 80 1
37 97 49
38 76 51
39 56 39
40 38 3
41 90 32
42 69 38
43 17 22
44 95 19
45 8 40
46 87 4
47 87 34
48 7 35
49 29 40
0 95 22
1 8 53
2 58 42
3 48 54
4 56 44
5 37 38
6 50 22
7 50 15
8 71 28
9 38 55
10 46 38
11 81 23
12 60 29
13 32 55
14 14 21
15 70 17
16 20 43
17 92 21
18 27 11
19 44 37
20 12 4
21 85 14
22 55 15
23 62 41
24 86 37
25 91 32
26 5 24
27 22 40
28 2 11
29 10 3
30 35 22
31 22 33
32 94 56
33 36 9
34 65 28
35 80 43
36 14 46
37 2 53
38 94 2
39 8 19
40 80 47
41 35 40
42 4 43
43 8 22
44 33 37
45 50 11
46 63 39
47 18 22
48 13 30
49 86 49
0 17 5
1 10 36
2 94 7
3 44 18
4 92 19
5 44 41
6 3 52
7 76 44
8 93 25
9 39 6
10 7 46
11 78 48
12 83 39
13 88 46
14 77 2
15 88 12
16 96 34
17 3 46
18 3 7
19 92 37
20 84 12
21 81 56
22 76 19
23 55 57
24 87 20
25 10 57
26 80 9
27 50 3
28 55 22
29 18 39
30 78 54
31 53 28
32 96 18
33 47 2
34 38 45
35 8 38
36 60 43
37 29 41
38 26 25
39 53 14
40 39 45
41 86 18
42 32 5
43 11 27
44 60 9
45 6 7
46 24 39
47 10 41
48 65 55
49 16 44
0 16 21
1 80 9
2 18 42
3 36 41
4 6 8
5 55 8
6 71 40
7 73 16
8 88 11
9 45 9
10 24 56
11 17 6
12 28 37
13 21 16
14 36 7
15 87 25
16 26 55
17 80 50
18 86 12
19 17 22
20 32 7
21 54 58
22 26 40
23 29 12
24 84 27
25 95 47
26 98 17
27 25 11
28 7 33
29 64 15
30 81 57
31 20 56
32 51 21
33 36 42
34 27 39
35 32 29
36 38 49
37 84 22
38 47 45
39 11 3
40 24 30
41 69 43
42 71 9
43 16 11
44 29 5
45 60 15
46 36 36
47 38 2
48 35 9
49 24 44
0 53 23
1 86 15
2 76 44
3 29 9
4 93 25
5 91 17
6 38 57
7 2 41
8 80 27
9 98 33
10 81 57
11 33 25
12 76 31
13 62 21
14 84 13
15 90 15
16 67 54
17 98 5
18 61 37
19 93 41
20 91 8
21 85 12
22 65 29
23 17 16
24 12 20
25 82 32
26 47 30
27 74 58
28 20 36
29 96 39
30 29 45
31 14 3
32 82 54
33 33 36
34 23 12
35 19 21
36 94 53
37 34 12
38 89 9
39 79 22
40 59 43
41 57 7
42 78 49
43 59 19
44 20 28
45 99 5
46 92 33
47 77 23
48 17 11
49 41 15
0 32 10
1 74 18
2 81 25
3 94 39
4 9 32
5 7 45
6 31 16
7 2 8
8 11 45
9 8 51
10 74 45
11 36 36
12 32 55
13 25 42
14 79 15
15 93 8
16 96 9
17 95 11
18 63 19
19 72 16
20 10 32
21 95 8
22 21 21
23 17 24
24 35 26
25 81 52
26 9 29
27 82 4
28 89 18
29 10 39
30 10 18
31 87 27
32 12 57
33 34 43
34 32 11
35 11 32
36 12 34
37 23 24
38 68 40
39 53 23
40 19 18
41 89 29
42 86 3
43 49 15
44 32 17
45 95 18
46 92 22
47 98 23
48 36 26
49 65 41
0 56 40
1 85 3
2 76 47
3 36 6
4 70 28
5 30 18
6 21 57
7 14 2
8 97 22
9 41 18
10 8 40
11 47 41
12 66 45
13 26 40
14 43 28
15 96 56
16 90 17
17 34 7
18 27 22
19 19 1
20 89 29
21 47 42
22 39 30
23 77 31
24 38 2
25 80 45
26 11 51
27 31 22
28 43 16
29 39 21
30 87 9
31 30 56
32 91 23
33 56 58
34 9 4
35 69 55
36 17 19
37 37 3
38 81 55
39 24 41
40 85 21
41 62 38
42 8 26
43 93 12
44 66 21
45 81 56
46 6 11
47 65 39
48 96 6
49 13 33
0 76 40
1 2 35
2 27 19
3 19 15
4 38 12
5 63 19
6 98 6
7 18 5
8 71 42
9 35 19
10 81 24
11 97 52
12 92 18
13 74 49
14 79 51
15 88 21
16 73 44
17 63 14
18 7 23
19 15 42
20 75 56
21 14 44
22 13 24
23 88 23
24 90 58
25 44 45
26 52 22
27 71 10
28 34 29
29 17 27
30 68 43
31 40 13
32 34 5
33 31 6
34 9 26
35 48 16
36 10 24
37 91 30
38 40 19
39 10 12
40 98 53
41 88 44
42 29 7
43 29 14
44 23 38
45 80 57
46 86 34
47 92 26
48 84 14
49 5 2
0 23 14
1 57 12
2 14 46
3 63 38
4 83 35
5 37 46
6 25 28
7 2 2
8 33 1
9 91 57
10 3 28
11 87 43
12 43 13
13 84 32
14 80 49
15 81 39
16 82 50
17 52 18
18 63 15
19 87 14
20 4 28
21 69 9
22 52 2
23 16 34
24 20 20
25 73 39
26 17 33
27 48 57
28 70 10
29 60 45
30 51 58
31 96 21
32 86 58
33 3 47
34 35 5
35 37 36
36 51 39
37 14 30
38 37 37
39 68 40
40 35 31
41 70 9
42 23 28
43 58 43
44 96 42
45 31 21
46 85 25
47 97 36
48 56 39
49 74 40
0 75 47
1 97 12
2 39 48
3 78 48
4 21 44
5 60 15
6 18 30
7 6 21
8 35 13
9 11 40
10 39 14
11 91 14
12 38 7
13 30 14
14 6 5
15 15 11
16 10 48
17 3 43
18 47 40
19 2 28
20 11 27
21 5 16
22 72 38
23 95 57
24 88 4
25 27 22
26 28 20
27 28 29
28 93 3
29 87 4
30 13 14
31 75 51
32 80 16
33 14 7
34 40 42
35 89 4
36 38 19
37 58 17
38 96 26
39 84 30
40 93 57
41 8 40
42 92 43
43 26 6
44 55 54
45 5 46
46 78 15
47 33 44
48 62 36
49 19 57
0 55 17
1 96 8
2 51 16
3 57 56
4 8 8
5 97 19
6 82 20
7 82 28
8 88 48
9 8 23
10 8 31
11 48 7
12 39 17
13 98 45
14 25 12
15 23 4
16 81 53
17 87 29
18 76 20
19 56 21
20 14 4
21 70 19
22 26 6
23 77 46
24 8 25
25 81 2
26 79 39
27 91 40
28 15 44
29 87 18
30 39 40
31 93 8
32 18 25
33 21 56
34 84 5
35 36 31
36 49 18
37 36 24
38 19 4
39 5 12
40 6 47
41 36 37
42 43 17
43 23 11
44 37 27
45 38 27
46 64 14
47 97 21
48 17 57
49 66 31
0 7 44
1 21 5
2 13 54
3 94 51
4 36 53
5 68 20
6 39 52
7 5 35
8 30 7
9 89 41
10 11 54
11 55 44
12 78 46
13 19 20
14 6 43
15 78 54
16 29 55
17 13 7
18 65 20
19 80 1
20 25 17
21 57 14
22 47 38
23 8 31
24 19 21
25 42 8
26 86 4
27 82 36
28 93 29
29 3 3
30 7 12
31 24 17
32 32 8
33 60 8
34 45 12
35 72 3
36 58 28
37 80 7
38 94 37
39 19 34
40 14 46
41 59 31
42 16 21
43 91 38
44 51 55
45 5 11
46 88 32
47 98 52
48 58 17
49 20 56
0 88 54
1 89 32
2 14 12
3 89 31
4 13 10
5 34 31
6 95 40
7 42 14
8 18 12
9 7 14
10 37 17
11 44 22
12 97 30
13 99 23
14 33 29
15 76 41
16 95 25
17 55 2
18 21 46
19 33 7
20 19 35
21 60 39
22 3 39
23 80 1
24 65 20
25 52 36
26 29 11
27 20 55
28 16 30
29 90 27
30 4 52
31 5 25
32 91 4
33 31 5
34 59 2
35 41 15
36 53 38
37 98 42
38 84 26
39 77 47
40 46 57
41 23 42
42 98 15
43 44 29
44 11 11
45 55 43
46 92 16
47 75 36
48 29 44
49 14 8
0 67 41
1 73 22
2 4 44
3 85 23
4 54 22
5 80 9
6 37 3
7 87 35
8 16 7
9 21 33
10 4 6
11 18 57
12 90 4
13 38 10
14 37 5
15 38 6
16 62 22
17 58 41
18 95 46
19 39 50
20 15 33
21 29 46
22 25 37
23 63 46
24 28 20
25 9 45
26 81 35
27 36 37
28 5 24
29 40 22
30 96 43
31 5 12
32 34 45
33 61 31
34 96 35
35 50 14
36 88 40
37 97 38
38 50 46
39 81 45
40 38 16
41 26 55
42 97 45
43 86 18
44 82 8
45 6 50
46 27 22
47 19 29
48 91 34
49 73 16
0 52 22
1 29 12
2 71 7
3 74 3
4 32 2
5 84 26
6 73 48
7 65 37
8 81 8
9 65 18
10 36 4
11 92 52
12 67 28
13 38 50
14 81 26
15 9 8
16 51 7
17 96 12
18 53 44
19 24 56
20 61 58
21 29 4
22 92 53
23 60 44
24 70 21
25 25 2
26 56 39
27 47 44
28 43 30
29 81 18
30 27 4
31 68 55
32 95 28
33 8 10
34 72 57
35 58 30
36 89 36
37 37 47
38 5 11
39 58 42
40 64 11
41 15 14
42 38 38
43 56 38
44 41 7
45 40 8
46 41 44
47 90 14
48 33 17
49 89 33
0 93 13
1 92 17
2 73 37
3 12 7
4 82 8
5 73 2
6 66 8
7 58 44
8 50 46
9 86 38
10 53 7
11 83 51
12 93 35
13 82 35
14 97 3
15 7 34
16 14 9
17 68 39
18 26 25
19 35 19
20 24 24
21 20 36
22 88 31
23 22 7
24 19 17
25 39 39
26 63 14
27 6 7
28 83 54
29 43 29
30 11 40
31 59 7
32 48 45
33 59 20
34 66 14
35 57 55
36 62 22
37 32 19
38 75 41
39 45 14
40 19 1
41 96 48
42 40 8
43 4 36
44 24 27
45 2 12
46 73 14
47 12 36
48 37 50
49 72 39
0 44 56
1 35 18
2 42 18
3 62 29
4 89 23
5 46 36
6 14 14
7 17 37
8 11 41
9 25 9
10 23 10
11 14 24
12 88 15
13 57 57
14 62 44
15 19 27
16 15 54
17 31 13
18 65 46
19 24 38
20 30 25
21 83 47
22 88 30
23 94 32
24 33 27
25 65 2
26 89 43
27 19 40
28 8 38
29 54 37
30 74 22
31 79 36
32 87 56
33 35 41
34 88 10
35 76 21
36 90 20
37 51 21
38 22 2
39 81 7
40 61 29
41 10 13
42 11 30
43 91 44
44 92 12
45 26 20
46 38 16
47 60 8
48 52 31
49 89 7
0 56 44
1 58 1
2 42 56
3 67 19
4 89 35
5 96 24
6 63 21
7 29 20
8 38 10
9 67 3
10 13 2
11 59 31
12 48 38
13 30 57
14 50 17
15 44 45
16 37 21
17 28 37
18 82 14
19 57 22
20 42 42
21 4 41
22 98 35
23 72 17
24 5 29
25 29 45
26 14 38
27 53 44
28 58 55
29 31 14
30 92 53
31 75 42
32 12 15
33 9 48
34 82 6
35 12 47
36 17 18
37 19 27
38 48 14
39 25 25
40 45 29
41 55 15
42 92 3
43 35 12
44 16 14
45 44 19
46 19 2
47 2 35
48 97 57
49 73 14
0 22 2
1 57 42
2 95 57
3 60 38
4 45 3
5 2 28
6 24 26
7 18 40
8 8 18
9 54 23
10 9 55
11 19 13
12 10 11
13 52 12
14 96 5
15 36 16
16 64 3
17 18 22
18 48 42
19 39 17
20 79 49
21 23 17
22 35 29
23 90 52
24 32 26
25 97 43
26 95 14
27 60 27
28 6 21
29 12 14
30 52 41
31 55 23
32 66 56
33 95 40
34 41 5
35 41 2
36 37 14
37 20 30
38 28 41
39 71 30
40 19 56
41 36 39
42 29 42
43 13 10
44 78 50
45 71 47
46 98 24
47 76 55
48 50 15
49 71 13
0 31 14
1 8 7
2 91 28
3 24 42
4 92 58
5 69 55
6 33 29
7 92 14
8 19 25
9 95 53
10 87 26
11 75 11
12 66 18
13 14 23
14 87 52
15 79 21
16 29 25
17 4 8
18 73 56
19 5 12
20 28 38
21 22 55
22 81 50
23 7 22
24 21 7
25 32 42
26 68 16
27 13 30
28 35 40
29 58 29
30 2 42
31 74 54
32 73 36
33 67 14
34 31 38
35 67 36
36 80 12
37 80 13
38 91 49
39 34 38
40 59 7
41 32 18
42 39 47
43 59 23
44 20 42
45 70 41
46 89 45
47 48 14
48 90 47
49 92 44
0 49 22
1 5 28
2 85 41
3 22 17
4 82 55
5 38 46
6 87 4
7 26 13
8 8 21
9 31 42
10 34 40
11 50 9
12 67 39
13 3 20
14 50 21
15 16 20
16 67 57
17 83 33
18 37 31
19 36 48
20 77 15
21 75 38
22 84 12
23 79 6
24 97 7
25 32 56
26 39 45
27 17 55
28 26 12
29 44 39
30 94 42
31 18 35
32 85 13
33 30 27
34 12 53
35 89 9
36 30 19
37 89 57
38 43 20
39 65 40
40 67 41
41 4 5
42 10 49
43 41 22
44 57 23
45 23 15
46 8 43
47 25 22
48 85 48
49 66 19
0 37 16
1 49 7
2 70 1
3 18 26
4 53 13
5 69 8
6 30 24
7 51 3
8 34 4
9 60 37
10 11 41
11 47 44
12 10 14
13 82 56
14 74 16
15 69 10
16 2 6
17 21 36
18 93 8
19 79 24
20 55 19
21 73 49
22 52 29
23 94 13
24 10 16
25 53 55
26 34 27
27 14 4
28 9 19
29 23 19
30 6 22
31 60 36
32 30 24
33 74 22
34 25 7
35 49 38
36 76 30
37 13 30
38 63 40
39 85 35
40 92 11
41 17 25
42 56 22
43 98 23
44 32 22
45 27 39
46 16 32
47 16 28
48 78 18
49 87 41
0 74 56
1 49 37
2 11 32
3 96 27
4 83 49
5 79 49
6 2 22
7 73 19
8 93 55
9 58 43
10 81 38
11 97 20
12 27 22
13 39 8
14 24 43
15 36 28
16 13 43
17 25 18
18 81 3
19 24 27
20 53 54
21 57 14
22 17 54
23 40 19
24 28 37
25 75 19
26 15 3
27 74 13
28 5 47
29 24 20
30 29 55
31 76 45
32 2 2
33 4 29
34 85 17
35 37 51
36 78 22
37 19 41
38 10 14
39 72 20
40 48 28
41 96 52
42 23 40
43 49 54
44 14 1
45 95 28
46 74 23
47 50 44
48 32 45
49 5 26
0 96 16
1 67 42
2 10 40
3 65 14
4 28 7
5 83 19
6 59 31
7 64 9
8 4 31
9 15 23
10 92 28
11 31 28
12 53 15
13 24 30
14 96 3
15 79 30
16 6 24
17 88 26
18 41 16
19 43 38
20 30 45
21 31 43
22 17 31
23 4 30
24 24 39
25 29 31
26 35 2
27 19 8
28 33 21
29 83 47
30 82 35
31 16 37
32 19 33
33 74 18
34 3 48
35 51 39
36 74 38
37 32 23
38 80 46
39 65 14
40 94 49
41 28 20
42 89 42
43 89 7
44 4 52
45 65 44
46 41 37
47 43 19
48 5 15
49 11 54
0 15 58
1 28 6
2 95 39
3 30 31
4 74 36
5 90 22
6 14 9
7 40 38
8 47 29
9 35 29
10 23 29
11 39 9
12 86 11
13 30 8
14 27 25
15 54 3
16 39 45
17 59 8
18 29 28
19 48 38
20 29 19
21 51 20
22 73 1
23 30 6
24 31 25
25 96 54
26 83 50
27 92 7
28 41 15
29 64 9
30 74 3
31 54 15
32 86 14
33 12 41
34 94 44
35 39 49
36 61 8
37 51 55
38 83 30
39 21 38
40 37 27
41 82 4
42 39 44
43 58 38
44 31 12
45 60 16
46 56 40
47 90 57
48 23 21
49 47 14
0 68 38
1 63 41
2 20 31
3 67 39
4 31 45
5 30 2
6 88 34
7 91 40
8 18 9
9 9 47
10 39 48
11 87 11
12 90 6
13 31 6
14 74 53
15 75 52
16 51 56
17 45 2
18 93 48
19 36 28
20 53 39
21 95 20
22 7 31
23 89 27
24 82 3
25 19 43
26 19 42
27 79 42
28 28 43
29 33 8
30 52 56
31 87 24
32 8 47
33 70 30
34 49 8
35 8 39
36 96 32
37 58 41
38 70 22
39 2 41
40 36 31
41 81 15
42 83 52
43 35 38
44 42 20
45 49 45
46 69 31
47 91 19
48 90 46
49 23 24
0 96 47
1 45 29
2 97 45
3 97 23
4 98 2
5 91 46
6 58 12
7 90 43
8 98 34
9 57 56
10 73 53
11 45 31
12 60 23
13 79 43
14 89 8
15 14 29
16 90 25
17 19 40
18 14 15
19 82 47
20 37 23
21 86 46
22 54 8
23 71 19
24 12 29
25 92 27
26 15 9
27 14 6
28 46 45
29 12 57
30 6 30
31 14 38
32 84 29
33 27 19
34 20 7
35 16 31
36 82 12
37 7 17
38 30 19
39 73 44
40 62 15
41 32 15
42 71 21
43 10 38
44 7 2
45 13 27
46 40 13
47 23 27
48 80 12
49 15 27
0 86 19
1 12 36
2 6 18
3 89 26
4 65 55
5 27 46
6 35 56
7 25 6
8 5 54
9 79 43
10 86 5
11 27 26
12 10 25
13 84 34
14 7 45
15 49 30
16 18 11
17 39 2
18 66 46
19 24 28
20 14 44
21 79 6
22 17 42
23 2 12
24 85 43
25 2 44
26 83 39
27 38 56
28 32 16
29 10 50
30 29 25
31 35 36
32 5 27
33 75 43
34 35 7
35 24 24
36 7 35
37 45 3
38 77 29
39 86 30
40 25 45
41 7 35
42 59 1
43 57 16
44 80 14
45 64 46
46 48 45
47 50 21
48 4 46
49 13 37
0 77 51
1 43 37
2 39 41
3 77 37
4 55 46
5 86 28
6 17 24
7 26 29
8 98 27
9 45 41
10 70 21
11 50 55
12 79 20
13 91 51
14 30 40
15 26 25
16 38 18
17 4 18
18 74 28
19 88 47
20 95 49
21 52 19
22 28 26
23 4 49
24 13 34
25 59 39
26 94 40
27 51 22
28 92 5
29 41 30
30 81 3
31 55 56
32 97 14
33 61 44
34 62 36
35 88 3
36 71 17
37 91 5
38 45 31
39 68 43
40 16 44
41 88 56
42 28 40
43 21 10
44 7 47
45 85 23
46 85 35
47 94 11
48 55 43
49 55 8
0 26 2
1 66 37
2 79 24
3 42 28
4 14 29
5 34 3
6 16 12
7 53 15
8 13 26
9 96 15
10 7 44
11 83 29
12 70 14
13 69 2
14 97 19
15 90 46
16 16 5
17 85 37
18 88 54
19 78 37
20 33 22
21 12 41
22 88 35
23 12 8
24 11 52
25 14 25
26 39 31
27 34 29
28 40 37
29 2 18
30 36 37
31 64 38
32 65 56
33 32 5
34 86 11
35 31 27
36 44 9
37 16 20
38 76 40
39 21 34
40 84 34
41 59 29
42 33 8
43 46 46
44 30 29
45 98 25
46 49 39
47 89 35
48 56 7
49 71 36
0 84 15
1 33 29
2 14 20
3 86 49
4 90 36
5 96 16
6 59 19
7 21 13
8 42 43
9 96 56
10 59 29
11 24 23
12 90 37
13 32 26
14 68 29
15 52 45
16 67 55
17 21 38
18 36 11
19 35 38
20 38 16
21 24 44
22 34 12
23 46 22
24 96 36
25 24 40
26 75 50
27 61 18
28 92 18
29 94 57
30 32 54
31 17 32
32 28 28
33 73 18
34 89 24
35 2 8
36 13 31
37 30 44
38 56 19
39 8 20
40 56 43
41 92 46
42 14 43
43 26 22
44 5 18
45 6 17
46 39 14
47 2 17
48 53 56
49 97 22
0 63 56
1 22 15
2 20 11
3 38 11
4 52 38
5 16 44
6 87 50
7 13 30
8 62 8
9 80 14
10 8 29
11 80 4
12 45 45
13 98 2
14 6 20
15 27 16
16 57 9
17 60 54
18 40 3
19 36 27
20 95 17
21 73 45
22 12 19
23 16 6
24 61 15
25 2 37
26 9 21
27 12 27
28 30 55
29 89 21
30 94 50
31 81 54
32 95 36
33 32 5
34 37 5
35 61 16
36 95 49
37 31 56
38 15 45
39 42 57
40 57 13
41 44 19
42 36 4
43 24 58
44 43 19
45 14 23
46 48 16
47 19 28
48 64 21
49 66 18
0 16 57
1 47 38
2 87 9
3 26 18
4 14 42
5 26 22
6 54 56
7 33 10
8 78 50
9 15 54
10 84 30
11 53 42
12 73 46
13 34 11
14 43 45
15 7 54
16 95 25
17 73 40
18 2 52
19 39 16
20 30 40
21 38 6
22 14 34
23 86 43
24 6 6
25 39 55
26 48 14
27 82 20
28 6 25
29 90 33
30 57 39
31 91 23
32 64 16
33 34 45
34 21 42
35 43 3
36 7 14
37 41 41
38 12 12
39 39 7
40 31 37
41 79 42
42 97 48
43 32 27
44 86 54
45 64 39
46 86 22
47 78 21
48 30 22
49 53 18
0 5 37
1 40 8
2 35 22
3 82 15
4 11 52
5 77 28
6 96 13
7 54 7
8 79 49
9 45 38
10 69 40
11 53 31
12 23 7
13 80 56
14 11 21
15 6 47
16 24 1
17 17 36
18 37 31
19 83 13
20 21 41
21 51 13
22 38 55
23 19 34
24 73 40
25 86 49
26 61 17
27 39 8
28 4 14
29 69 40
30 24 24
31 37 51
32 49 45
33 44 46
34 4 8
35 34 41
36 74 20
37 30 19
38 50 45
39 14 14
40 72 2
41 84 30
42 72 44
43 52 8
44 66 29
45 51 12
46 34 56
47 20 30
48 56 45
49 98 31
0 38 42
1 48 30
2 44 43
3 76 40
4 97 9
5 11 26
6 88 32
7 32 24
8 5 34
9 36 45
10 28 9
11 15 2
12 96 40
13 19 56
14 89 50
15 74 47
16 20 39
17 26 15
18 80 13
19 85 29
20 84 27
21 42 14
22 90 5
23 99 16
24 11 20
25 82 34
26 5 26
27 43 19
28 29 8
29 93 17
30 73 51
31 38 50
32 53 46
33 17 38
34 91 32
35 27 57
36 4 9
37 81 10
38 7 25
39 96 42
40 21 57
41 19 34
42 14 44
43 55 40
44 20 31
45 13 39
46 48 31
47 27 16
48 51 55
49 29 43
0 54 44
1 46 22
2 34 1
3 8 50
4 46 39
5 43 20
6 55 27
7 96 10
8 61 40
9 22 35
10 32 24
11 5 34
12 41 28
13 75 17
14 45 16
15 10 5
16 3 16
17 54 23
18 62 15
19 71 41
20 69 11
21 13 15
22 34 19
23 33 56
24 93 55
25 78 52
26 89 39
27 71 28
28 5 11
29 7 35
30 23 16
31 2 57
32 17 2
33 85 17
34 8 50
35 8 41
36 15 37
37 97 20
38 74 51
39 58 20
40 53 56
41 31 19
42 73 56
43 84 26
44 91 37
45 48 15
46 64 30
47 23 54
48 87 38
49 68 45
0 95 38
1 83 47
2 44 3
3 29 57
4 3 46
5 67 57
6 79 52
7 77 29
8 39 28
9 26 5
10 96 8
11 4 44
12 36 5
13 85 11
14 97 6
15 23 55
16 82 53
17 74 42
18 21 17
19 65 45
20 74 8
21 5 16
22 79 10
23 90 5
24 86 42
25 85 44
26 72 18
27 56 18
28 38 40
29 87 57
30 92 8
31 81 20
32 94 46
33 21 11
34 12 19
35 27 39
36 59 11
37 94 15
38 33 12
39 38 39
40 64 19
41 2 18
42 95 27
43 34 22
44 63 28
45 12 31
46 84 20
47 13 22
48 64 18
49 90 38
0 37 13
1 21 24
2 24 55
3 68 20
4 78 29
5 28 39
6 24 10
7 5 46
8 81 57
9 72 50
10 80 46
11 82 8
12 32 15
13 36 39
14 29 17
15 91 32
16 74 20
17 32 26
18 89 47
19 8 31
20 31 11
21 96 12
22 94 51
23 3 37
24 20 33
25 35 21
26 20 14
27 20 55
28 67 44
29 35 30
30 97 36
31 69 2
32 24 56
33 19 30
34 39 21
35 3 27
36 34 15
37 26 30
38 48 19
39 15 15
40 36 23
41 80 11
42 43 21
43 52 38
44 89 47
45 57 38
46 24 15
47 23 14
48 4 10
49 71 7
0 19 43
1 37 18
2 22 17
3 63 38
4 66 56
5 4 51
6 39 4
7 36 12
8 71 46
9 85 48
10 91 41
11 21 26
12 92 50
13 63 40
14 80 2
15 64 16
16 21 13
17 15 15
18 3 45
19 77 30
20 97 29
21 68 15
22 91 40
23 98 50
24 49 54
25 25 31
26 28 31
27 23 11
28 65 44
29 50 40
30 9 17
31 35 31
32 50 3
33 68 31
34 56 15
35 17 1
36 10 25
37 82 18
38 40 13
39 77 17
40 17 10
41 85 55
42 38 42
43 37 2
44 17 37
45 29 44
46 2 17
47 85 47
48 7 3
49 50 8
0 4 22
1 35 31
2 92 21
3 13 7
4 84 25
5 43 17
6 38 39
7 12 2
8 84 28
9 96 27
10 37 41
11 5 43
12 81 5
13 23 43
14 94 19
15 83 18
16 55 44
17 89 45
18 53 36
19 31 57
20 34 8
21 29 43
22 17 54
23 98 51
24 93 45
25 95 32
26 36 39
27 35 9
28 24 24
29 74 41
30 53 16
31 35 46
32 63 17
33 33 37
34 43 55
35 71 42
36 5 55
37 18 37
38 64 43
39 14 24
40 50 9
41 8 29
42 49 13
43 31 13
44 69 17
45 79 31
46 24 29
47 94 5
48 24 21
49 21 9
0 25 5
1 93 29
2 56 54
3 64 2
4 27 22
5 93 42
6 79 33
7 6 6
8 79 52
9 36 3
10 65 45
11 51 10
12 79 51
13 4 8
14 81 44
15 5 47
16 10 50
17 21 43
18 75 28
19 38 37
20 68 13
21 55 37
22 24 11
23 4 23
24 94 48
25 89 26
26 56 1
27 67 21
28 32 30
29 11 22
30 42 29
31 3 35
32 77 55
33 99 26
34 88 37
35 5 19
36 42 13
37 28 15
38 85 24
39 14 7
40 62 16
41 22 16
42 18 15
43 86 11
44 43 22
45 39 5
46 31 2
47 80 17
48 75 46
49 36 29
0 19 55
1 90 4
2 28 11
3 6 8
4 69 28
5 63 3
6 19 32
7 56 29
8 31 22
9 40 9
10 11 54
11 46 55
12 98 43
13 75 48
14 62 22
15 46 22
16 83 13
17 78 36
18 58 36
19 29 37
20 60 41
21 50 54
22 77 55
23 85 57
24 5 6
25 22 18
26 25 5
27 50 8
28 12 35
29 49 54
30 47 38
31 88 31
32 8 57
33 61 46
34 42 39
35 8 28
36 3 50
37 58 16
38 28 2
39 18 17
40 85 23
41 65 55
42 91 15
43 18 12
44 50 45
45 70 38
46 17 34
47 63 2
48 62 16
49 62 14
0 22 39
1 32 2
2 20 9
3 94 35
4 19 1
5 7 15
6 49 55
7 16 6
8 70 20
9 21 31
10 74 1
11 17 2
12 21 9
13 12 1
14 72 48
15 55 45
16 47 29
17 50 42
18 55 7
19 72 30
20 6 3
21 54 30
22 39 28
23 95 17
24 49 41
25 13 17
26 65 55
27 43 19
28 73 18
29 57 14
30 63 31
31 25 58
32 88 15
33 12 40
34 20 35
35 8 15
36 6 56
37 26 30
38 32 19
39 75 19
40 46 7
41 36 20
42 22 20
43 24 14
44 76 21
45 64 14
46 18 4
47 3 51
48 48 57
49 17 12
0 28 23
1 53 2
2 25 41
3 43 55
4 78 18
5 14 27
6 54 14
7 74 17
8 92 45
9 97 31
10 72 29
11 79 21
12 23 31
13 5 43
14 28 7
15 82 11
16 72 2
17 11 5
18 69 40
19 35 20
20 88 23
21 49 45
22 96 41
23 31 43
24 32 4
25 35 7
26 55 58
27 28 8
28 57 1
29 33 57
30 47 18
31 84 25
32 84 2
33 53 3
34 60 21
35 64 19
36 62 29
37 31 36
38 97 36
39 77 19
40 40 12
41 39 9
42 96 41
43 77 42
44 83 54
45 86 46
46 46 54
47 54 55
48 34 54
49 79 37
0 87 18
1 23 19
2 13 26
3 6 4
4 89 7
5 42 30
6 95 11
7 16 8
8 56 39
9 95 11
10 89 7
11 3 57
12 22 36
13 4 8
14 83 3
15 11 2
16 94 27
17 47 31
18 40 37
19 61 7
20 39 53
21 75 46
22 79 15
23 4 37
24 5 34
25 96 11
26 3 27
27 68 29
28 61 8
29 31 22
30 85 11
31 19 24
32 57 41
33 87 38
34 76 28
35 85 46
36 34 14
37 16 38
38 81 56
39 96 52
40 98 47
41 3 5
42 75 53
43 88 27
44 84 14
45 87 56
46 75 28
47 73 39
48 63 30
49 25 9
0 21 44
1 29 25
2 58 57
3 92 3
4 20 7
5 15 33
6 81 14
7 82 32
8 41 8
9 33 19
10 63 57
11 79 17
12 19 43
13 60 40
14 95 56
15 48 17
16 37 31
17 25 12
18 90 56
19 19 29
20 28 7
21 49 45
22 16 35
23 51 58
24 39 17
25 37 45
26 39 56
27 27 44
28 43 29
29 33 28
30 92 55
31 84 18
32 59 55
33 81 55
34 10 21
35 43 3
36 23 30
37 91 35
38 77 36
39 13 37
40 11 55
41 13 34
42 20 56
43 23 41
44 83 18
45 45 55
46 98 3
47 74 50
48 23 8
49 89 57
0 5 22
1 48 13
2 68 45
3 11 2
4 8 14
5 60 8
6 15 46
7 33 11
8 60 54
9 13 20
10 35 38
11 96 50
12 91 39
13 11 36
14 62 45
15 26 5
16 66 38
17 9 20
18 97 38
19 56 17
20 19 1
21 39 36
22 72 52
23 66 56
24 73 20
25 17 14
26 79 52
27 5 22
28 40 7
29 32 2
30 24 23
31 17 28
32 67 15
33 25 15
34 56 30
35 29 26
36 94 20
37 26 21
38 28 37
39 84 17
40 28 42
41 6 18
42 20 11
43 31 25
44 28 55
45 93 58
46 65 30
47 91 36
48 4 20
49 63 14
0 7 53
1 50 20
2 83 47
3 39 45
4 18 19
5 9 14
6 12 3
7 29 15
8 80 36
9 3 9
10 59 16
11 93 4
12 37 38
13 67 28
14 55 17
15 37 12
16 28 56
17 37 37
18 17 31
19 14 36
20 21 55
21 56 19
22 58 55
23 94 9
24 15 44
25 71 51
26 9 8
27 3 19
28 32 28
29 85 28
30 92 30
31 97 23
32 82 48
33 4 22
34 69 15
35 56 13
36 12 37
37 11 17
38 34 25
39 34 17
40 91 23
41 90 41
42 65 19
43 3 6
44 16 14
45 8 37
46 40 17
47 80 13
48 84 17
49 75 48
0 63 45
1 36 15
2 18 13
3 51 43
4 84 21
5 91 57
6 98 38
7 68 29
8 93 18
9 12 11
10 88 2
11 78 51
12 4 33
13 11 50
14 93 18
15 68 46
16 93 6
17 33 56
18 31 8
19 50 30
20 66 15
21 7 30
22 96 16
23 91 34
24 70 38
25 53 29
26 94 15
27 10 55
28 15 41
29 22 30
30 36 45
31 81 31
32 96 45
33 16 1
34 56 19
35 84 12
36 8 58
37 83 58
38 3 41
39 31 19
40 27 11
41 58 42
42 23 14
43 19 43
44 77 37
45 85 31
46 86 35
47 41 41
48 19 29
49 46 41
0 41 16
1 27 43
2 32 17
3 11 31
4 79 22
5 31 56
6 94 6
7 61 37
8 77 52
9 63 45
10 41 12
11 96 41
12 97 21
13 33 57
14 98 41
15 69 41
16 8 13
17 13 42
18 63 42
19 65 54
20 36 6
21 16 54
22 65 39
23 3 18
24 86 40
25 64 18
26 82 52
27 22 18
28 95 3
29 20 23
30 10 3
31 66 19
32 95 13
33 50 20
34 10 53
35 14 36
36 79 18
37 76 57
38 29 15
39 49 14
40 70 45
41 24 24
42 18 55
43 47 14
44 81 25
45 12 39
46 99 56
47 55 37
48 21 24
49 56 40
0 96 32
1 53 29
2 98 36
3 36 16
4 2 48
5 24 18
6 20 34
7 2 42
8 60 37
9 13 37
10 39 11
11 48 39
12 8 57
13 10 22
14 9 3
15 81 52
16 61 1
17 7 21
18 6 53
19 88 15
20 69 36
21 32 41
22 90 40
23 42 31
24 58 55
25 71 10
26 60 16
27 38 53
28 45 45
29 65 40
30 6 35
31 72 21
32 29 14
33 86 14
34 25 38
35 9 5
36 76 30
37 52 16
38 37 45
39 33 12
40 91 54
41 20 1
42 81 50
43 29 54
44 27 22
45 96 54
46 81 46
47 86 22
48 33 18
49 3 42
0 91 39
1 32 55
2 89 28
3 40 21
4 4 29
5 32 24
6 7 30
7 73 44
8 95 19
9 73 20
10 70 28
11 95 56
12 37 42
13 7 41
14 69 12
15 96 22
16 14 45
17 31 42
18 58 39
19 76 37
20 86 55
21 14 35
22 26 38
23 26 45
24 70 30
25 17 5
26 79 42
27 75 21
28 75 28
29 84 5
30 52 9
31 19 11
32 10 2
33 50 36
34 37 31
35 41 30
36 82 5
37 34 7
38 37 19
39 44 23
40 37 26
41 20 46
42 41 21
43 31 14
44 5 31
45 92 33
46 23 37
47 69 21
48 13 19
49 98 19
0 73 3
1 97 17
2 85 55
3 50 40
4 40 8
5 86 28
6 14 44
7 87 50
8 5 50
9 13 16
10 39 56
11 51 2
12 81 26
13 76 57
14 32 38
15 79 2
16 18 30
17 71 41
18 15 9
19 10 49
20 13 9
21 89 34
22 51 40
23 39 29
24 24 46
25 5 17
26 6 7
27 39 26
28 87 39
29 8 26
30 72 45
31 92 41
32 76 42
33 6 43
34 16 24
35 95 49
36 97 16
37 48 14
38 46 42
39 89 9
40 2 28
41 47 41
42 8 11
43 44 56
44 37 41
45 82 45
46 53 57
47 87 16
48 48 30
49 25 9
0 5 9
1 62 39
2 68 43
3 84 48
4 11 14
5 97 33
6 92 10
7 73 19
8 11 5
9 14 46
10 30 45
11 79 52
12 90 31
13 36 31
14 13 38
15 39 1
16 85 24
17 12 53
18 85 15
19 9 12
20 18 4
21 47 42
22 29 54
23 82 14
24 60 41
25 41 37
26 37 3
27 27 41
28 94 52
29 8 34
30 93 50
31 73 3
32 25 17
33 3 37
34 30 54
35 6 29
36 85 15
37 6 5
38 94 51
39 40 18
40 92 54
41 27 39
42 22 14
43 84 28
44 40 16
45 81 51
46 24 28
47 40 39
48 16 44
49 85 41
0 73 52
1 85 46
2 3 28
3 73 45
4 30 5
5 27 14
6 16 25
7 92 8
8 73 57
9 49 21
10 55 40
11 95 47
12 31 23
13 60 1
14 83 28
15 80 19
16 64 30
17 52 42
18 9 23
19 8 23
20 34 6
21 24 20
22 90 8
23 72 18
24 73 46
25 90 20
26 95 13
27 94 20
28 3 5
29 20 58
30 91 6
31 54 56
32 74 46
33 4 34
34 28 43
35 83 53
36 76 46
37 81 15
38 89 3
39 53 45
40 46 37
41 73 42
42 75 39
43 2 4
44 25 43
45 39 11
46 8 23
47 13 18
48 23 55
49 10 48
0 30 41
1 96 3
2 75 14
3 91 47
4 69 20
5 40 4
6 74 14
7 51 31
8 94 24
9 79 18
10 68 31
11 98 30
12 34 16
13 98 22
14 65 9
15 79 5
16 12 18
17 86 57
18 65 19
19 3 20
20 40 45
21 11 56
22 43 8
23 3 27
24 37 3
25 39 51
26 26 38
27 85 27
28 67 13
29 77 36
30 23 20
31 58 55
32 74 38
33 35 31
34 10 44
35 72 2
36 64 38
37 76 3
38 24 31
39 32 6
40 56 20
41 8 8
42 86 36
43 75 36
44 65 29
45 96 43
46 8 40
47 10 48
48 95 43
49 24 3
0 87 14
1 74 31
2 63 2
3 10 19
4 8 5
5 30 6
6 23 14
7 54 42
8 12 31
9 14 24
10 85 21
11 11 54
12 66 21
13 59 3
14 41 28
15 7 12
16 86 4
17 20 10
18 87 14
19 32 37
20 6 14
21 80 32
22 23 43
23 8 48
24 66 14
25 12 17
26 52 36
27 3 54
28 96 11
29 44 22
30 55 57
31 3 22
32 62 57
33 18 1
34 11 42
35 18 4
36 38 7
37 47 57
38 64 45
39 33 38
40 34 23
41 26 12
42 83 34
43 43 45
44 72 15
45 52 7
46 44 2
47 36 17
48 61 16
49 29 15
0 64 55
1 8 28
2 50 46
3 11 41
4 18 20
5 32 4
6 22 3
7 97 1
8 20 57
9 53 13
10 42 22
11 72 57
12 18 34
13 35 22
14 21 58
15 37 19
16 11 26
17 28 8
18 14 19
19 64 16
20 91 44
21 14 42
22 80 26
23 10 22
24 83 31
25 11 40
26 18 28
27 99 35
28 3 2
29 92 43
30 36 47
31 95 56
32 49 16
33 54 39
34 77 39
35 52 37
36 35 43
37 38 40
38 50 37
39 61 43
40 38 55
41 86 5
42 79 42
43 20 30
44 27 27
45 7 43
46 93 52
47 74 55
48 89 51
49 50 14
0 84 14
1 7 39
2 26 57
3 35 39
4 81 7
5 89 32
6 16 21
7 83 34
8 81 12
9 47 23
10 11 21
11 90 3
12 43 21
13 45 38
14 64 41
15 80 4
16 39 18
17 78 28
18 80 44
19 18 57
20 76 16
21 26 41
22 21 4
23 87 2
24 89 16
25 31 30
26 16 44
27 96 10
28 35 28
29 17 39
30 25 22
31 17 40
32 61 21
33 49 21
34 57 22
35 51 28
36 32 56
37 24 45
38 41 7
39 82 10
40 4 14
41 3 28
42 9 12
43 13 35
44 82 11
45 17 55
46 78 39
47 93 27
48 39 25
49 22 27
0 80 26
1 93 42
2 93 13
3 66 29
4 59 43
5 11 27
6 37 5
7 6 32
8 37 38
9 7 32
10 21 16
11 22 4
12 35 17
13 96 38
14 38 26
15 37 40
16 96 10
17 29 24
18 19 30
19 20 16
20 10 33
21 48 43
22 52 42
23 33 44
24 69 21
25 60 55
26 4 42
27 11 4
28 63 23
29 56 14
30 54 30
31 77 50
32 61 56
33 58 42
34 26 22
35 61 42
36 76 15
37 94 28
38 70 19
39 11 53
40 32 5
41 8 36
42 98 56
43 88 21
44 17 17
45 33 23
46 20 7
47 29 25
48 96 50
49 58 36
0 15 41
1 9 27
2 67 21
3 67 29
4 71 17
5 86 43
6 9 24
7 35 3
8 78 47
9 93 48
10 69 16
11 42 21
12 15 42
13 60 16
14 9 10
15 91 11
16 45 1
17 27 22
18 30 38
19 45 20
20 38 17
21 75 42
22 50 56
23 37 16
24 94 8
25 94 16
26 36 40
27 74 13
28 11 41
29 80 32
30 60 46
31 5 26
32 27 5
33 96 14
34 36 56
35 52 20
36 70 2
37 53 23
38 65 23
39 2 48
40 18 17
41 11 40
42 11 15
43 51 3
44 10 56
45 59 22
46 57 14
47 82 57
48 36 45
49 75 50
0 29 19
1 88 8
2 97 35
3 77 17
4 34 22
5 48 41
6 14 30
7 92 7
8 86 55
9 64 16
10 98 40
11 77 44
12 67 42
13 42 43
14 61 2
15 55 41
16 8 9
17 33 3
18 25 10
19 86 32
20 87 53
21 29 24
22 94 16
23 57 10
24 29 28
25 34 15
26 68 31
27 97 40
28 18 14
29 57 21
30 88 33
31 84 31
32 33 28
33 49 14
34 94 48
35 74 52
36 12 56
37 40 22
38 30 57
39 37 53
40 95 40
41 42 40
42 30 40
43 86 26
44 38 27
45 56 41
46 57 12
47 65 37
48 57 44
49 27 20
0 53 13
1 32 39
2 17 45
3 76 28
4 81 49
5 67 18
6 65 42
7 92 24
8 38 2
9 33 57
10 55 45
11 7 37
12 18 30
13 42 19
14 82 49
15 44 22
16 51 14
17 41 46
18 35 45
19 11 15
20 6 42
21 71 29
22 89 55
23 21 25
24 82 57
25 2 24
26 16 13
27 3 12
28 19 5
29 93 57
30 54 30
31 24 16
32 51 39
33 92 20
34 23 43
35 49 31
36 64 39
37 15 29
38 70 57
39 55 41
40 46 29
41 56 46
42 90 21
43 34 5
44 23 11
45 54 15
46 91 27
47 42 22
48 5 5
49 97 18
0 66 38
1 27 45
2 91 46
3 86 36
4 5 17
5 78 47
6 95 4
7 18 28
8 96 3
9 26 8
10 41 28
11 6 34
12 96 22
13 83 12
14 96 57
15 25 12
16 95 42
17 5 39
18 18 40
19 85 42
20 88 23
21 93 14
22 90 33
23 3 44
24 23 17
25 55 43
26 20 3
27 44 43
28 56 12
29 14 8
30 4 7
31 80 47
32 64 55
33 79 56
34 81 26
35 96 14
36 74 44
37 17 30
38 29 41
39 94 47
40 37 38
41 35 14
42 14 26
43 21 5
44 54 23
45 5 26
46 4 16
47 15 11
48 19 9
49 91 57
0 77 54
1 61 31
2 18 13
3 79 29
4 17 21
5 78 29
6 75 17
7 35 22
8 75 18
9 62 27
10 50 29
11 13 22
12 94 20
13 87 27
14 91 21
15 89 46
16 73 40
17 12 12
18 30 20
19 27 24
20 72 3
21 64 3
22 85 38
23 46 29
24 29 8
25 6 7
26 51 57
27 30 21
28 49 16
29 64 9
30 51 21
31 29 13
32 22 40
33 89 33
34 18 41
35 9 6
36 90 8
37 86 2
38 68 29
39 30 24
40 50 29
41 28 4
42 12 49
43 91 48
44 28 30
45 81 14
46 40 39
47 34 15
48 90 23
49 84 4
0 64 40
1 39 27
2 34 6
3 30 21
4 64 2
5 82 14
6 38 28
7 17 57
8 6 36
9 7 43
10 12 9
11 53 57
12 19 57
13 11 48
14 90 33
15 74 40
16 33 55
17 43 40
18 11 42
19 35 27
20 93 10
21 56 16
22 15 30
23 12 2
24 93 9
25 15 6
26 23 16
27 17 46
28 68 20
29 60 39
30 2 52
31 67 3
32 87 12
33 44 58
34 96 24
35 83 12
36 27 14
37 9 55
38 18 12
39 73 46
40 44 40
41 21 19
42 25 46
43 8 39
44 28 12
45 11 23
46 91 23
47 50 10
48 89 9
49 51 11
0 28 36
1 52 18
2 12 24
3 88 10
4 62 19
5 85 33
6 5 14
7 2 36
8 79 23
9 8 32
10 24 18
11 59 19
12 56 37
13 84 28
14 33 19
15 4 7
16 38 40
17 8 31
18 49 3
19 4 52
20 4 22
21 18 42
22 29 14
23 23 15
24 34 25
25 4 24
26 19 39
27 91 49
28 17 32
29 17 46
30 93 3
31 92 13
32 93 11
33 29 27
34 22 20
35 63 29
36 12 5
37 12 34
38 72 9
39 25 28
40 97 13
41 18 26
42 37 47
43 80 47
44 35 56
45 58 13
46 66 56
47 14 39
48 11 43
49 16 1
0 74 31
1 26 12
2 30 43
3 44 45
4 18 24
5 75 14
6 24 15
7 33 8
8 27 6
9 41 45
10 48 57
11 25 8
12 27 3
13 32 9
14 8 35
15 76 22
16 19 38
17 49 39
18 16 1
19 35 45
20 83 12
21 14 13
22 42 16
23 23 4
24 98 5
25 75 15
26 48 15
27 39 3
28 18 54
29 18 2
30 53 3
31 90 28
32 89 13
33 81 45
34 87 19
35 28 37
36 18 2
37 52 31
38 32 43
39 26 9
40 17 22
41 17 42
42 55 16
43 20 23
44 97 52
45 7 52
46 94 47
47 24 31
48 4 32
49 96 47
0 80 21
1 11 44
2 10 5
3 10 37
4 11 46
5 91 10
6 77 52
7 91 6
8 39 12
9 96 45
10 17 8
11 24 15
12 42 19
13 45 19
14 30 3
15 17 38
16 71 57
17 94 7
18 55 15
19 24 42
20 20 15
21 86 38
22 64 29
23 15 29
24 36 7
25 83 23
26 16 23
27 56 55
28 72 57
29 16 2
30 40 44
31 52 20
32 24 44
33 86 49
34 88 2
35 21 38
36 96 2
37 32 54
38 78 42
39 80 13
40 70 43
41 80 50
42 25 26
43 98 7
44 94 14
45 2 28
46 44 43
47 96 13
48 90 36
49 62 2
0 37 56
1 96 48
2 49 38
3 98 28
4 14 21
5 69 43
6 49 54
7 78 45
8 43 40
9 12 54
10 91 45
11 47 28
12 5 17
13 14 36
14 3 21
15 23 18
16 45 16
17 98 22
18 54 15
19 72 2
20 3 35
21 75 2
22 98 53
23 79 5
24 58 8
25 47 9
26 19 33
27 92 51
28 66 19
29 98 14
30 38 54
31 33 18
32 12 5
33 11 33
34 44 45
35 99 27
36 64 20
37 78 42
38 75 17
39 20 5
40 39 38
41 16 7
42 2 31
43 41 56
44 85 41
45 46 55
46 63 16
47 49 2
48 74 20
49 86 30
0 94 4
1 56 56
2 63 30
3 77 57
4 24 4
5 77 38
6 3 8
7 12 37
8 9 31
9 39 26
10 38 49
11 74 28
12 53 43
13 46 56
14 91 6
15 84 34
16 31 23
17 32 26
18 25 19
19 31 41
20 37 30
21 61 58
22 98 46
23 89 8
24 33 56
25 61 31
26 26 6
27 26 15
28 93 33
29 31 23
30 25 44
31 36 37
32 39 23
33 41 20
34 44 37
35 16 26
36 46 3
37 89 43
38 32 8
39 94 35
40 16 14
41 32 57
42 97 8
43 61 2
44 76 55
45 75 13
46 84 36
47 19 21
48 20 39
49 38 56
