0 94 30
1 56 36
2 30 17
3 78 18
4 85 34
5 58 29
6 8 37
7 59 55
8 59 12
9 12 12
10 34 25
11 16 12
12 62 14
13 30 8
14 6 33
15 17 5
16 70 18
17 39 14
18 39 37
19 32 39
20 87 16
21 76 57
22 81 17
23 36 53
24 19 56
25 90 8
26 80 10
27 5 5
28 96 18
29 32 56
30 94 24
31 73 49
32 86 33
33 54 42
34 34 13
35 17 13
36 5 16
37 48 46
38 79 10
39 9 25
40 16 2
41 93 35
42 87 38
43 61 15
44 67 42
45 41 16
46 61 19
47 6 3
48 35 28
49 96 56
0 2 41
1 42 43
2 6 56
3 85 2
4 55 38
5 23 54
6 63 10
7 81 46
8 59 58
9 39 28
10 14 44
11 36 24
12 94 20
13 77 21
14 32 13
15 42 31
16 84 34
17 91 27
18 44 22
19 6 42
20 47 55
21 37 25
22 96 21
23 97 35
24 27 39
25 93 8
26 81 52
27 25 2
28 10 11
29 30 22
30 52 2
31 49 54
32 30 10
33 56 57
34 35 56
35 47 46
36 9 54
37 50 8
38 27 38
39 66 54
40 8 34
41 98 26
42 97 20
43 44 56
44 9 48
45 25 31
46 16 30
47 97 25
48 80 4
49 4 55
0 87 14
1 93 2
2 88 21
3 5 33
4 59 37
5 96 6
6 85 41
7 18 29
8 52 9
9 98 53
10 89 54
11 90 10
12 15 46
13 16 6
14 96 10
15 77 45
16 26 54
17 8 4
18 75 55
19 92 33
20 77 57
21 79 30
22 79 4
23 76 20
24 23 29
25 8 54
26 74 55
27 28 4
28 35 21
29 24 1
30 35 2
31 99 35
32 18 2
33 54 23
34 42 13
35 75 38
36 46 29
37 66 55
38 28 13
39 96 38
40 79 48
41 89 8
42 51 45
43 56 39
44 47 14
45 57 56
46 38 28
47 95 10
48 39 2
49 81 23
0 48 42
1 18 2
2 57 57
3 46 46
4 23 22
5 11 29
6 78 42
7 28 19
8 79 32
9 13 8
10 49 19
11 93 34
12 73 42
13 95 21
14 44 2
15 13 56
16 70 3
17 21 31
18 81 51
19 80 15
20 18 13
21 96 42
22 14 21
23 88 2
24 11 24
25 5 36
26 75 1
27 32 56
28 91 43
29 15 3
30 64 22
31 85 30
32 28 5
33 23 21
34 55 20
35 22 27
36 86 53
37 91 8
38 59 45
39 10 27
40 18 15
41 7 11
42 11 6
43 15 58
44 9 31
45 51 8
46 25 56
47 84 34
48 36 39
49 78 48
0 72 47
1 5 52
2 82 36
3 17 15
4 58 55
5 3 5
6 96 49
7 34 55
8 46 2
9 69 37
10 77 57
11 16 24
12 71 12
13 36 6
14 81 45
15 39 31
16 87 31
17 51 41
18 83 39
19 71 21
20 27 14
21 97 55
22 82 31
23 24 18
24 42 55
25 95 8
26 30 25
27 95 54
28 74 41
29 11 9
30 94 43
31 98 34
32 19 3
33 69 22
34 37 47
35 45 57
36 25 28
37 21 40
38 78 55
39 98 30
40 62 20
41 85 55
42 82 56
43 46 30
44 53 2
45 94 44
46 80 7
47 5 34
48 35 30
49 38 44
0 85 57
1 91 43
2 39 41
3 97 31
4 3 6
5 72 39
6 57 39
7 52 31
8 15 34
9 83 24
10 54 40
11 72 22
12 3 3
13 25 43
14 92 45
15 99 53
16 76 42
17 40 18
18 83 36
19 85 40
20 37 47
21 59 57
22 13 37
23 63 45
24 6 30
25 93 39
26 15 36
27 98 38
28 25 16
29 28 10
30 88 24
31 40 16
32 15 54
33 80 12
34 18 46
35 33 2
36 73 48
37 7 29
38 21 32
39 35 26
40 70 57
41 58 17
42 96 50
43 71 2
44 32 4
45 60 39
46 91 54
47 13 45
48 41 1
49 13 30
0 26 29
1 37 48
2 70 29
3 3 11
4 5 39
5 8 5
6 80 49
7 11 18
8 51 41
9 93 9
10 32 27
11 18 11
12 13 23
13 62 22
14 56 21
15 93 15
16 11 24
17 99 15
18 41 44
19 52 2
20 87 40
21 13 43
22 40 19
23 3 34
24 14 44
25 98 22
26 5 18
27 90 41
28 43 14
29 44 18
30 38 16
31 13 42
32 36 12
33 50 44
34 67 55
35 11 50
36 73 52
37 53 44
38 34 13
39 22 37
40 87 56
41 8 39
42 68 46
43 98 21
44 93 7
45 85 13
46 11 37
47 5 30
48 98 24
49 4 24
0 55 31
1 92 11
2 18 14
3 80 53
4 87 43
5 9 2
6 39 18
7 37 5
8 42 42
9 51 30
10 25 22
11 41 2
12 54 17
13 90 33
14 90 47
15 52 15
16 92 26
17 33 41
18 88 3
19 67 39
20 70 21
21 85 2
22 89 20
23 29 13
24 84 22
25 26 25
26 87 22
27 83 3
28 10 57
29 96 47
30 89 28
31 21 32
32 88 2
33 6 40
34 63 28
35 5 44
36 55 42
37 43 45
38 5 51
39 4 29
40 18 20
41 40 16
42 44 30
43 85 39
44 90 50
45 18 22
46 37 54
47 12 20
48 71 9
49 35 57
0 8 3
1 61 29
2 21 2
3 96 22
4 43 41
5 36 23
6 9 49
7 64 9
8 35 26
9 92 50
10 84 1
11 92 56
12 28 25
13 6 2
14 59 40
15 70 55
16 77 47
17 91 26
18 26 43
19 38 41
20 56 56
21 57 9
22 56 58
23 30 29
24 45 45
25 5 50
26 89 54
27 26 42
28 31 15
29 96 5
30 73 42
31 37 17
32 87 33
33 69 43
34 22 40
35 60 19
36 10 13
37 45 31
38 26 28
39 9 38
40 6 24
41 12 28
42 31 38
43 93 54
44 44 30
45 35 20
46 4 50
47 6 21
48 64 45
49 69 38
0 61 7
1 50 44
2 28 44
3 94 8
4 4 18
5 19 35
6 28 2
7 91 14
8 58 21
9 57 15
10 64 17
11 47 8
12 63 30
13 99 53
14 91 53
15 2 16
16 32 15
17 45 7
18 57 45
19 34 41
20 60 44
21 34 17
22 33 15
23 79 24
24 80 13
25 86 44
26 53 45
27 85 6
28 9 12
29 6 35
30 89 41
31 74 17
32 43 22
33 3 29
34 31 23
35 79 41
36 64 10
37 89 24
38 52 56
39 57 29
40 62 40
41 46 16
42 97 38
43 32 15
44 94 11
45 76 31
46 72 29
47 86 23
48 29 39
49 82 20
0 31 11
1 89 27
2 4 37
3 5 23
4 30 55
5 90 46
6 57 13
7 47 41
8 44 54
9 9 21
10 5 20
11 31 38
12 69 40
13 90 42
14 69 13
15 95 8
16 94 27
17 11 19
18 54 31
19 93 25
20 80 50
21 24 16
22 57 40
23 25 30
24 25 30
25 87 52
26 58 8
27 8 4
28 72 19
29 11 44
30 35 23
31 53 28
32 50 17
33 90 5
34 98 54
35 93 14
36 31 54
37 9 9
38 55 56
39 5 47
40 31 30
41 58 19
42 20 29
43 17 16
44 3 7
45 49 41
46 24 21
47 3 33
48 22 5
49 52 56
0 26 4
1 25 56
2 6 14
3 8 43
4 48 28
5 70 44
6 35 39
7 58 37
8 12 48
9 35 2
10 25 25
11 68 17
12 18 30
13 16 41
14 73 20
15 28 26
16 20 56
17 35 16
18 75 36
19 73 55
20 88 9
21 91 12
22 61 16
23 64 38
24 10 25
25 11 21
26 23 22
27 84 46
28 18 57
29 16 28
30 66 44
31 40 3
32 17 25
33 35 2
34 46 45
35 52 56
36 35 46
37 95 29
38 41 36
39 92 39
40 31 29
41 20 4
42 61 56
43 9 4
44 89 45
45 65 19
46 30 30
47 10 43
48 81 35
49 86 11
0 2 41
1 60 42
2 19 20
3 66 2
4 11 23
5 79 45
6 76 22
7 32 46
8 91 38
9 23 22
10 4 18
11 24 25
12 23 24
13 82 44
14 11 28
15 98 16
16 64 43
17 96 19
18 8 43
19 82 21
20 88 2
21 90 18
22 7 26
23 80 57
24 5 22
25 49 16
26 75 19
27 8 55
28 94 4
29 59 55
30 4 8
31 63 44
32 38 40
33 58 28
34 59 45
35 17 9
36 90 18
37 4 13
38 89 57
39 81 56
40 8 36
41 23 18
42 85 23
43 79 4
44 27 7
45 33 55
46 94 19
47 73 52
48 31 16
49 92 8
0 77 17
1 49 18
2 22 24
3 73 42
4 59 18
5 37 47
6 67 2
7 22 38
8 48 44
9 20 6
10 89 35
11 41 55
12 93 49
13 27 18
14 93 24
15 49 39
16 79 26
17 71 42
18 6 52
19 5 25
20 24 41
21 27 30
22 81 43
23 33 11
24 93 33
25 6 51
26 20 8
27 62 54
28 75 43
29 9 23
30 11 3
31 93 5
32 61 41
33 84 28
34 4 46
35 2 3
36 78 19
37 7 48
38 4 40
39 12 9
40 22 55
41 72 18
42 95 5
43 33 46
44 84 37
45 88 29
46 87 29
47 39 7
48 44 16
49 98 24
0 51 30
1 79 1
2 16 56
3 85 19
4 28 11
5 67 31
6 12 14
7 12 18
8 59 28
9 68 2
10 16 41
11 48 30
12 17 6
13 85 26
14 67 2
15 50 54
16 29 29
17 46 21
18 50 44
19 37 14
20 75 29
21 41 42
22 50 30
23 87 35
24 84 32
25 16 11
26 24 8
27 81 7
28 26 17
29 34 22
30 22 31
31 88 47
32 15 22
33 65 30
34 4 11
35 90 34
36 4 7
37 95 23
38 71 54
39 80 33
40 82 23
41 75 37
42 29 9
43 20 29
44 4 7
45 83 12
46 89 26
47 37 37
48 90 31
49 71 15
0 97 50
1 37 7
2 36 57
3 42 23
4 44 41
5 12 33
6 7 35
7 90 47
8 19 40
9 72 52
10 5 16
11 42 16
12 66 42
13 4 38
14 19 44
15 51 55
16 76 16
17 6 51
18 77 20
19 26 13
20 72 28
21 91 45
22 85 48
23 27 36
24 34 19
25 46 56
26 66 45
27 44 44
28 4 35
29 12 21
30 32 4
31 67 27
32 22 27
33 20 5
34 72 54
35 45 14
36 68 37
37 87 29
38 10 5
39 44 20
40 82 23
41 26 19
42 2 36
43 18 11
44 26 1
45 6 23
46 51 8
47 33 17
48 43 18
49 65 28
0 81 29
1 27 44
2 80 17
3 56 20
4 35 24
5 31 37
6 3 19
7 87 15
8 27 24
9 42 56
10 84 37
11 69 28
12 13 24
13 45 9
14 43 31
15 82 20
16 47 20
17 16 14
18 3 50
19 68 23
20 2 33
21 56 18
22 43 42
23 4 14
24 92 28
25 69 43
26 15 38
27 19 36
28 25 6
29 54 56
30 98 8
31 18 33
32 12 43
33 32 23
34 76 56
35 37 13
36 86 5
37 10 18
38 7 27
39 33 29
40 50 16
41 50 8
42 66 2
43 3 40
44 30 15
45 11 33
46 83 6
47 8 34
48 78 45
49 21 56
0 58 3
1 17 22
2 76 16
3 72 44
4 5 37
5 3 42
6 9 32
7 59 18
8 8 21
9 64 38
10 15 16
11 48 29
12 2 15
13 79 4
14 7 55
15 13 13
16 50 16
17 76 2
18 27 29
19 54 42
20 10 30
21 19 44
22 95 49
23 16 32
24 69 28
25 34 8
26 12 11
27 90 33
28 55 41
29 88 57
30 66 30
31 53 42
32 36 22
33 84 46
34 86 31
35 12 4
36 80 34
37 73 9
38 27 20
39 30 1
40 45 44
41 55 37
42 76 29
43 3 4
44 39 40
45 84 27
46 17 16
47 51 57
48 87 29
49 83 44
0 24 42
1 11 6
2 7 32
3 86 37
4 13 38
5 62 7
6 11 43
7 23 46
8 71 39
9 29 28
10 84 46
11 34 15
12 15 16
13 42 15
14 2 6
15 43 46
16 38 18
17 3 39
18 21 56
19 44 40
20 23 39
21 94 43
22 48 19
23 91 14
24 34 46
25 84 5
26 15 40
27 91 7
28 36 5
29 9 14
30 78 54
31 72 46
32 65 18
33 72 28
34 97 27
35 7 57
36 4 35
37 60 15
38 60 45
39 29 18
40 70 42
41 32 38
42 4 30
43 38 2
44 3 54
45 59 37
46 4 48
47 69 15
48 9 19
49 39 47
0 47 56
1 69 3
2 24 36
3 25 18
4 39 15
5 25 26
6 5 21
7 25 56
8 81 32
9 20 26
10 95 13
11 36 28
12 57 18
13 93 29
14 43 58
15 6 44
16 98 28
17 78 36
18 29 2
19 15 19
20 6 54
21 87 44
22 73 57
23 36 26
24 26 45
25 77 53
26 18 8
27 4 38
28 40 11
29 85 25
30 21 29
31 8 8
32 2 28
33 70 9
34 30 25
35 20 41
36 11 36
37 83 46
38 11 40
39 17 13
40 25 18
41 27 54
42 13 40
43 96 37
44 2 24
45 60 41
46 78 22
47 84 56
48 21 19
49 24 25
