0 94 30
1 56 36
2 30 17
3 78 18
4 85 34
5 58 29
6 8 37
7 59 55
8 59 12
9 12 12
0 34 25
1 16 12
2 62 14
3 30 8
4 6 33
5 17 5
6 70 18
7 39 14
8 39 37
9 32 39
0 87 16
1 76 57
2 81 17
3 36 53
4 19 56
5 90 8
6 80 10
7 5 5
8 96 18
9 32 56
0 94 24
1 73 49
2 86 33
3 54 42
4 34 13
5 17 13
6 5 16
7 48 46
8 79 10
9 9 25
0 16 2
1 93 35
2 87 38
3 61 15
4 67 42
5 41 16
6 61 19
7 6 3
8 35 28
9 96 56
0 2 41
1 42 43
2 6 56
3 85 2
4 55 38
5 23 54
6 63 10
7 81 46
8 59 58
9 39 28
0 14 44
1 36 24
2 94 20
3 77 21
4 32 13
5 42 31
6 84 34
7 91 27
8 44 22
9 6 42
0 47 55
1 37 25
2 96 21
3 97 35
4 27 39
5 93 8
6 81 52
7 25 2
8 10 11
9 30 22
0 52 2
1 49 54
2 30 10
3 56 57
4 35 56
5 47 46
6 9 54
7 50 8
8 27 38
9 66 54
0 8 34
1 98 26
2 97 20
3 44 56
4 9 48
5 25 31
6 16 30
7 97 25
8 80 4
9 4 55
