0 94 30
1 56 36
2 30 17
3 78 18
4 85 34
5 58 29
6 8 37
7 59 55
8 59 12
9 12 12
10 34 25
11 16 12
12 62 14
13 30 8
14 6 33
15 17 5
16 70 18
17 39 14
18 39 37
19 32 39
20 87 16
21 76 57
22 81 17
23 36 53
24 19 56
25 90 8
26 80 10
27 5 5
28 96 18
29 32 56
30 94 24
31 73 49
32 86 33
33 54 42
34 34 13
35 17 13
36 5 16
37 48 46
38 79 10
39 9 25
40 16 2
41 93 35
42 87 38
43 61 15
44 67 42
45 41 16
46 61 19
47 6 3
48 35 28
49 96 56
50 2 41
51 42 43
52 6 56
53 85 2
54 55 38
55 23 54
56 63 10
57 81 46
58 59 58
59 39 28
60 14 44
61 36 24
62 94 20
63 77 21
64 32 13
65 42 31
66 84 34
67 91 27
68 44 22
69 6 42
70 47 55
71 37 25
72 96 21
73 97 35
74 27 39
75 93 8
76 81 52
77 25 2
78 10 11
79 30 22
80 52 2
81 49 54
82 30 10
83 56 57
84 35 56
85 47 46
86 9 54
87 50 8
88 27 38
89 66 54
90 8 34
91 98 26
92 97 20
93 44 56
94 9 48
95 25 31
96 16 30
97 97 25
98 80 4
99 4 55
0 87 14
1 93 2
2 88 21
3 5 33
4 59 37
5 96 6
6 85 41
7 18 29
8 52 9
9 98 53
10 89 54
11 90 10
12 15 46
13 16 6
14 96 10
15 77 45
16 26 54
17 8 4
18 75 55
19 92 33
20 77 57
21 79 30
22 79 4
23 76 20
24 23 29
25 8 54
26 74 55
27 28 4
28 35 21
29 24 1
30 35 2
31 99 35
32 18 2
33 54 23
34 42 13
35 75 38
36 46 29
37 66 55
38 28 13
39 96 38
40 79 48
41 89 8
42 51 45
43 56 39
44 47 14
45 57 56
46 38 28
47 95 10
48 39 2
49 81 23
50 48 42
51 18 2
52 57 57
53 46 46
54 23 22
55 11 29
56 78 42
57 28 19
58 79 32
59 13 8
60 49 19
61 93 34
62 73 42
63 95 21
64 44 2
65 13 56
66 70 3
67 21 31
68 81 51
69 80 15
70 18 13
71 96 42
72 14 21
73 88 2
74 11 24
75 5 36
76 75 1
77 32 56
78 91 43
79 15 3
80 64 22
81 85 30
82 28 5
83 23 21
84 55 20
85 22 27
86 86 53
87 91 8
88 59 45
89 10 27
90 18 15
91 7 11
92 11 6
93 15 58
94 9 31
95 51 8
96 25 56
97 84 34
98 36 39
99 78 48
0 72 47
1 5 52
2 82 36
3 17 15
4 58 55
5 3 5
6 96 49
7 34 55
8 46 2
9 69 37
10 77 57
11 16 24
12 71 12
13 36 6
14 81 45
15 39 31
16 87 31
17 51 41
18 83 39
19 71 21
20 27 14
21 97 55
22 82 31
23 24 18
24 42 55
25 95 8
26 30 25
27 95 54
28 74 41
29 11 9
30 94 43
31 98 34
32 19 3
33 69 22
34 37 47
35 45 57
36 25 28
37 21 40
38 78 55
39 98 30
40 62 20
41 85 55
42 82 56
43 46 30
44 53 2
45 94 44
46 80 7
47 5 34
48 35 30
49 38 44
50 85 57
51 91 43
52 39 41
53 97 31
54 3 6
55 72 39
56 57 39
57 52 31
58 15 34
59 83 24
60 54 40
61 72 22
62 3 3
63 25 43
64 92 45
65 99 53
66 76 42
67 40 18
68 83 36
69 85 40
70 37 47
71 59 57
72 13 37
73 63 45
74 6 30
75 93 39
76 15 36
77 98 38
78 25 16
79 28 10
80 88 24
81 40 16
82 15 54
83 80 12
84 18 46
85 33 2
86 73 48
87 7 29
88 21 32
89 35 26
90 70 57
91 58 17
92 96 50
93 71 2
94 32 4
95 60 39
96 91 54
97 13 45
98 41 1
99 13 30
0 26 29
1 37 48
2 70 29
3 3 11
4 5 39
5 8 5
6 80 49
7 11 18
8 51 41
9 93 9
10 32 27
11 18 11
12 13 23
13 62 22
14 56 21
15 93 15
16 11 24
17 99 15
18 41 44
19 52 2
20 87 40
21 13 43
22 40 19
23 3 34
24 14 44
25 98 22
26 5 18
27 90 41
28 43 14
29 44 18
30 38 16
31 13 42
32 36 12
33 50 44
34 67 55
35 11 50
36 73 52
37 53 44
38 34 13
39 22 37
40 87 56
41 8 39
42 68 46
43 98 21
44 93 7
45 85 13
46 11 37
47 5 30
48 98 24
49 4 24
50 55 31
51 92 11
52 18 14
53 80 53
54 87 43
55 9 2
56 39 18
57 37 5
58 42 42
59 51 30
60 25 22
61 41 2
62 54 17
63 90 33
64 90 47
65 52 15
66 92 26
67 33 41
68 88 3
69 67 39
70 70 21
71 85 2
72 89 20
73 29 13
74 84 22
75 26 25
76 87 22
77 83 3
78 10 57
79 96 47
80 89 28
81 21 32
82 88 2
83 6 40
84 63 28
85 5 44
86 55 42
87 43 45
88 5 51
89 4 29
90 18 20
91 40 16
92 44 30
93 85 39
94 90 50
95 18 22
96 37 54
97 12 20
98 71 9
99 35 57
0 8 3
1 61 29
2 21 2
3 96 22
4 43 41
5 36 23
6 9 49
7 64 9
8 35 26
9 92 50
10 84 1
11 92 56
12 28 25
13 6 2
14 59 40
15 70 55
16 77 47
17 91 26
18 26 43
19 38 41
20 56 56
21 57 9
22 56 58
23 30 29
24 45 45
25 5 50
26 89 54
27 26 42
28 31 15
29 96 5
30 73 42
31 37 17
32 87 33
33 69 43
34 22 40
35 60 19
36 10 13
37 45 31
38 26 28
39 9 38
40 6 24
41 12 28
42 31 38
43 93 54
44 44 30
45 35 20
46 4 50
47 6 21
48 64 45
49 69 38
50 61 7
51 50 44
52 28 44
53 94 8
54 4 18
55 19 35
56 28 2
57 91 14
58 58 21
59 57 15
60 64 17
61 47 8
62 63 30
63 99 53
64 91 53
65 2 16
66 32 15
67 45 7
68 57 45
69 34 41
70 60 44
71 34 17
72 33 15
73 79 24
74 80 13
75 86 44
76 53 45
77 85 6
78 9 12
79 6 35
80 89 41
81 74 17
82 43 22
83 3 29
84 31 23
85 79 41
86 64 10
87 89 24
88 52 56
89 57 29
90 62 40
91 46 16
92 97 38
93 32 15
94 94 11
95 76 31
96 72 29
97 86 23
98 29 39
99 82 20
