0 94 30
1 56 36
2 30 17
3 78 18
4 85 34
5 58 29
6 8 37
7 59 55
8 59 12
9 12 12
10 34 25
11 16 12
12 62 14
13 30 8
14 6 33
15 17 5
16 70 18
17 39 14
18 39 37
19 32 39
20 87 16
21 76 57
22 81 17
23 36 53
24 19 56
25 90 8
26 80 10
27 5 5
28 96 18
29 32 56
30 94 24
31 73 49
32 86 33
33 54 42
34 34 13
35 17 13
36 5 16
37 48 46
38 79 10
39 9 25
40 16 2
41 93 35
42 87 38
43 61 15
44 67 42
45 41 16
46 61 19
47 6 3
48 35 28
49 96 56
50 2 41
51 42 43
52 6 56
53 85 2
54 55 38
55 23 54
56 63 10
57 81 46
58 59 58
59 39 28
60 14 44
61 36 24
62 94 20
63 77 21
64 32 13
65 42 31
66 84 34
67 91 27
68 44 22
69 6 42
70 47 55
71 37 25
72 96 21
73 97 35
74 27 39
75 93 8
76 81 52
77 25 2
78 10 11
79 30 22
80 52 2
81 49 54
82 30 10
83 56 57
84 35 56
85 47 46
86 9 54
87 50 8
88 27 38
89 66 54
90 8 34
91 98 26
92 97 20
93 44 56
94 9 48
95 25 31
96 16 30
97 97 25
98 80 4
99 4 55
0 87 14
1 93 2
2 88 21
3 5 33
4 59 37
5 96 6
6 85 41
7 18 29
8 52 9
9 98 53
10 89 54
11 90 10
12 15 46
13 16 6
14 96 10
15 77 45
16 26 54
17 8 4
18 75 55
19 92 33
20 77 57
21 79 30
22 79 4
23 76 20
24 23 29
25 8 54
26 74 55
27 28 4
28 35 21
29 24 1
30 35 2
31 99 35
32 18 2
33 54 23
34 42 13
35 75 38
36 46 29
37 66 55
38 28 13
39 96 38
40 79 48
41 89 8
42 51 45
43 56 39
44 47 14
45 57 56
46 38 28
47 95 10
48 39 2
49 81 23
50 48 42
51 18 2
52 57 57
53 46 46
54 23 22
55 11 29
56 78 42
57 28 19
58 79 32
59 13 8
60 49 19
61 93 34
62 73 42
63 95 21
64 44 2
65 13 56
66 70 3
67 21 31
68 81 51
69 80 15
70 18 13
71 96 42
72 14 21
73 88 2
74 11 24
75 5 36
76 75 1
77 32 56
78 91 43
79 15 3
80 64 22
81 85 30
82 28 5
83 23 21
84 55 20
85 22 27
86 86 53
87 91 8
88 59 45
89 10 27
90 18 15
91 7 11
92 11 6
93 15 58
94 9 31
95 51 8
96 25 56
97 84 34
98 36 39
99 78 48
0 72 47
1 5 52
2 82 36
3 17 15
4 58 55
5 3 5
6 96 49
7 34 55
8 46 2
9 69 37
10 77 57
11 16 24
12 71 12
13 36 6
14 81 45
15 39 31
16 87 31
17 51 41
18 83 39
19 71 21
20 27 14
21 97 55
22 82 31
23 24 18
24 42 55
25 95 8
26 30 25
27 95 54
28 74 41
29 11 9
30 94 43
31 98 34
32 19 3
33 69 22
34 37 47
35 45 57
36 25 28
37 21 40
38 78 55
39 98 30
40 62 20
41 85 55
42 82 56
43 46 30
44 53 2
45 94 44
46 80 7
47 5 34
48 35 30
49 38 44
50 85 57
51 91 43
52 39 41
53 97 31
54 3 6
55 72 39
56 57 39
57 52 31
58 15 34
59 83 24
60 54 40
61 72 22
62 3 3
63 25 43
64 92 45
65 99 53
66 76 42
67 40 18
68 83 36
69 85 40
70 37 47
71 59 57
72 13 37
73 63 45
74 6 30
75 93 39
76 15 36
77 98 38
78 25 16
79 28 10
80 88 24
81 40 16
82 15 54
83 80 12
84 18 46
85 33 2
86 73 48
87 7 29
88 21 32
89 35 26
90 70 57
91 58 17
92 96 50
93 71 2
94 32 4
95 60 39
96 91 54
97 13 45
98 41 1
99 13 30
0 26 29
1 37 48
2 70 29
3 3 11
4 5 39
5 8 5
6 80 49
7 11 18
8 51 41
9 93 9
10 32 27
11 18 11
12 13 23
13 62 22
14 56 21
15 93 15
16 11 24
17 99 15
18 41 44
19 52 2
20 87 40
21 13 43
22 40 19
23 3 34
24 14 44
25 98 22
26 5 18
27 90 41
28 43 14
29 44 18
30 38 16
31 13 42
32 36 12
33 50 44
34 67 55
35 11 50
36 73 52
37 53 44
38 34 13
39 22 37
40 87 56
41 8 39
42 68 46
43 98 21
44 93 7
45 85 13
46 11 37
47 5 30
48 98 24
49 4 24
50 55 31
51 92 11
52 18 14
53 80 53
54 87 43
55 9 2
56 39 18
57 37 5
58 42 42
59 51 30
60 25 22
61 41 2
62 54 17
63 90 33
64 90 47
65 52 15
66 92 26
67 33 41
68 88 3
69 67 39
70 70 21
71 85 2
72 89 20
73 29 13
74 84 22
75 26 25
76 87 22
77 83 3
78 10 57
79 96 47
80 89 28
81 21 32
82 88 2
83 6 40
84 63 28
85 5 44
86 55 42
87 43 45
88 5 51
89 4 29
90 18 20
91 40 16
92 44 30
93 85 39
94 90 50
95 18 22
96 37 54
97 12 20
98 71 9
99 35 57
0 8 3
1 61 29
2 21 2
3 96 22
4 43 41
5 36 23
6 9 49
7 64 9
8 35 26
9 92 50
10 84 1
11 92 56
12 28 25
13 6 2
14 59 40
15 70 55
16 77 47
17 91 26
18 26 43
19 38 41
20 56 56
21 57 9
22 56 58
23 30 29
24 45 45
25 5 50
26 89 54
27 26 42
28 31 15
29 96 5
30 73 42
31 37 17
32 87 33
33 69 43
34 22 40
35 60 19
36 10 13
37 45 31
38 26 28
39 9 38
40 6 24
41 12 28
42 31 38
43 93 54
44 44 30
45 35 20
46 4 50
47 6 21
48 64 45
49 69 38
50 61 7
51 50 44
52 28 44
53 94 8
54 4 18
55 19 35
56 28 2
57 91 14
58 58 21
59 57 15
60 64 17
61 47 8
62 63 30
63 99 53
64 91 53
65 2 16
66 32 15
67 45 7
68 57 45
69 34 41
70 60 44
71 34 17
72 33 15
73 79 24
74 80 13
75 86 44
76 53 45
77 85 6
78 9 12
79 6 35
80 89 41
81 74 17
82 43 22
83 3 29
84 31 23
85 79 41
86 64 10
87 89 24
88 52 56
89 57 29
90 62 40
91 46 16
92 97 38
93 32 15
94 94 11
95 76 31
96 72 29
97 86 23
98 29 39
99 82 20
0 31 11
1 89 27
2 4 37
3 5 23
4 30 55
5 90 46
6 57 13
7 47 41
8 44 54
9 9 21
10 5 20
11 31 38
12 69 40
13 90 42
14 69 13
15 95 8
16 94 27
17 11 19
18 54 31
19 93 25
20 80 50
21 24 16
22 57 40
23 25 30
24 25 30
25 87 52
26 58 8
27 8 4
28 72 19
29 11 44
30 35 23
31 53 28
32 50 17
33 90 5
34 98 54
35 93 14
36 31 54
37 9 9
38 55 56
39 5 47
40 31 30
41 58 19
42 20 29
43 17 16
44 3 7
45 49 41
46 24 21
47 3 33
48 22 5
49 52 56
50 26 4
51 25 56
52 6 14
53 8 43
54 48 28
55 70 44
56 35 39
57 58 37
58 12 48
59 35 2
60 25 25
61 68 17
62 18 30
63 16 41
64 73 20
65 28 26
66 20 56
67 35 16
68 75 36
69 73 55
70 88 9
71 91 12
72 61 16
73 64 38
74 10 25
75 11 21
76 23 22
77 84 46
78 18 57
79 16 28
80 66 44
81 40 3
82 17 25
83 35 2
84 46 45
85 52 56
86 35 46
87 95 29
88 41 36
89 92 39
90 31 29
91 20 4
92 61 56
93 9 4
94 89 45
95 65 19
96 30 30
97 10 43
98 81 35
99 86 11
0 2 41
1 60 42
2 19 20
3 66 2
4 11 23
5 79 45
6 76 22
7 32 46
8 91 38
9 23 22
10 4 18
11 24 25
12 23 24
13 82 44
14 11 28
15 98 16
16 64 43
17 96 19
18 8 43
19 82 21
20 88 2
21 90 18
22 7 26
23 80 57
24 5 22
25 49 16
26 75 19
27 8 55
28 94 4
29 59 55
30 4 8
31 63 44
32 38 40
33 58 28
34 59 45
35 17 9
36 90 18
37 4 13
38 89 57
39 81 56
40 8 36
41 23 18
42 85 23
43 79 4
44 27 7
45 33 55
46 94 19
47 73 52
48 31 16
49 92 8
50 77 17
51 49 18
52 22 24
53 73 42
54 59 18
55 37 47
56 67 2
57 22 38
58 48 44
59 20 6
60 89 35
61 41 55
62 93 49
63 27 18
64 93 24
65 49 39
66 79 26
67 71 42
68 6 52
69 5 25
70 24 41
71 27 30
72 81 43
73 33 11
74 93 33
75 6 51
76 20 8
77 62 54
78 75 43
79 9 23
80 11 3
81 93 5
82 61 41
83 84 28
84 4 46
85 2 3
86 78 19
87 7 48
88 4 40
89 12 9
90 22 55
91 72 18
92 95 5
93 33 46
94 84 37
95 88 29
96 87 29
97 39 7
98 44 16
99 98 24
0 51 30
1 79 1
2 16 56
3 85 19
4 28 11
5 67 31
6 12 14
7 12 18
8 59 28
9 68 2
10 16 41
11 48 30
12 17 6
13 85 26
14 67 2
15 50 54
16 29 29
17 46 21
18 50 44
19 37 14
20 75 29
21 41 42
22 50 30
23 87 35
24 84 32
25 16 11
26 24 8
27 81 7
28 26 17
29 34 22
30 22 31
31 88 47
32 15 22
33 65 30
34 4 11
35 90 34
36 4 7
37 95 23
38 71 54
39 80 33
40 82 23
41 75 37
42 29 9
43 20 29
44 4 7
45 83 12
46 89 26
47 37 37
48 90 31
49 71 15
50 97 50
51 37 7
52 36 57
53 42 23
54 44 41
55 12 33
56 7 35
57 90 47
58 19 40
59 72 52
60 5 16
61 42 16
62 66 42
63 4 38
64 19 44
65 51 55
66 76 16
67 6 51
68 77 20
69 26 13
70 72 28
71 91 45
72 85 48
73 27 36
74 34 19
75 46 56
76 66 45
77 44 44
78 4 35
79 12 21
80 32 4
81 67 27
82 22 27
83 20 5
84 72 54
85 45 14
86 68 37
87 87 29
88 10 5
89 44 20
90 82 23
91 26 19
92 2 36
93 18 11
94 26 1
95 6 23
96 51 8
97 33 17
98 43 18
99 65 28
0 81 29
1 27 44
2 80 17
3 56 20
4 35 24
5 31 37
6 3 19
7 87 15
8 27 24
9 42 56
10 84 37
11 69 28
12 13 24
13 45 9
14 43 31
15 82 20
16 47 20
17 16 14
18 3 50
19 68 23
20 2 33
21 56 18
22 43 42
23 4 14
24 92 28
25 69 43
26 15 38
27 19 36
28 25 6
29 54 56
30 98 8
31 18 33
32 12 43
33 32 23
34 76 56
35 37 13
36 86 5
37 10 18
38 7 27
39 33 29
40 50 16
41 50 8
42 66 2
43 3 40
44 30 15
45 11 33
46 83 6
47 8 34
48 78 45
49 21 56
50 58 3
51 17 22
52 76 16
53 72 44
54 5 37
55 3 42
56 9 32
57 59 18
58 8 21
59 64 38
60 15 16
61 48 29
62 2 15
63 79 4
64 7 55
65 13 13
66 50 16
67 76 2
68 27 29
69 54 42
70 10 30
71 19 44
72 95 49
73 16 32
74 69 28
75 34 8
76 12 11
77 90 33
78 55 41
79 88 57
80 66 30
81 53 42
82 36 22
83 84 46
84 86 31
85 12 4
86 80 34
87 73 9
88 27 20
89 30 1
90 45 44
91 55 37
92 76 29
93 3 4
94 39 40
95 84 27
96 17 16
97 51 57
98 87 29
99 83 44
0 24 42
1 11 6
2 7 32
3 86 37
4 13 38
5 62 7
6 11 43
7 23 46
8 71 39
9 29 28
10 84 46
11 34 15
12 15 16
13 42 15
14 2 6
15 43 46
16 38 18
17 3 39
18 21 56
19 44 40
20 23 39
21 94 43
22 48 19
23 91 14
24 34 46
25 84 5
26 15 40
27 91 7
28 36 5
29 9 14
30 78 54
31 72 46
32 65 18
33 72 28
34 97 27
35 7 57
36 4 35
37 60 15
38 60 45
39 29 18
40 70 42
41 32 38
42 4 30
43 38 2
44 3 54
45 59 37
46 4 48
47 69 15
48 9 19
49 39 47
50 47 56
51 69 3
52 24 36
53 25 18
54 39 15
55 25 26
56 5 21
57 25 56
58 81 32
59 20 26
60 95 13
61 36 28
62 57 18
63 93 29
64 43 58
65 6 44
66 98 28
67 78 36
68 29 2
69 15 19
70 6 54
71 87 44
72 73 57
73 36 26
74 26 45
75 77 53
76 18 8
77 4 38
78 40 11
79 85 25
80 21 29
81 8 8
82 2 28
83 70 9
84 30 25
85 20 41
86 11 36
87 83 46
88 11 40
89 17 13
90 25 18
91 27 54
92 13 40
93 96 37
94 2 24
95 60 41
96 78 22
97 84 56
98 21 19
99 24 25
