0 94 30
1 56 36
2 30 17
3 78 18
4 85 34
5 58 29
6 8 37
7 59 55
8 59 12
9 12 12
10 34 25
11 16 12
12 62 14
13 30 8
14 6 33
15 17 5
16 70 18
17 39 14
18 39 37
19 32 39
20 87 16
21 76 57
22 81 17
23 36 53
24 19 56
25 90 8
26 80 10
27 5 5
28 96 18
29 32 56
30 94 24
31 73 49
32 86 33
33 54 42
34 34 13
35 17 13
36 5 16
37 48 46
38 79 10
39 9 25
40 16 2
41 93 35
42 87 38
43 61 15
44 67 42
45 41 16
46 61 19
47 6 3
48 35 28
49 96 56
50 2 41
51 42 43
52 6 56
53 85 2
54 55 38
55 23 54
56 63 10
57 81 46
58 59 58
59 39 28
60 14 44
61 36 24
62 94 20
63 77 21
64 32 13
65 42 31
66 84 34
67 91 27
68 44 22
69 6 42
70 47 55
71 37 25
72 96 21
73 97 35
74 27 39
75 93 8
76 81 52
77 25 2
78 10 11
79 30 22
80 52 2
81 49 54
82 30 10
83 56 57
84 35 56
85 47 46
86 9 54
87 50 8
88 27 38
89 66 54
90 8 34
91 98 26
92 97 20
93 44 56
94 9 48
95 25 31
96 16 30
97 97 25
98 80 4
99 4 55
0 87 14
1 93 2
2 88 21
3 5 33
4 59 37
5 96 6
6 85 41
7 18 29
8 52 9
9 98 53
10 89 54
11 90 10
12 15 46
13 16 6
14 96 10
15 77 45
16 26 54
17 8 4
18 75 55
19 92 33
20 77 57
21 79 30
22 79 4
23 76 20
24 23 29
25 8 54
26 74 55
27 28 4
28 35 21
29 24 1
30 35 2
31 99 35
32 18 2
33 54 23
34 42 13
35 75 38
36 46 29
37 66 55
38 28 13
39 96 38
40 79 48
41 89 8
42 51 45
43 56 39
44 47 14
45 57 56
46 38 28
47 95 10
48 39 2
49 81 23
50 48 42
51 18 2
52 57 57
53 46 46
54 23 22
55 11 29
56 78 42
57 28 19
58 79 32
59 13 8
60 49 19
61 93 34
62 73 42
63 95 21
64 44 2
65 13 56
66 70 3
67 21 31
68 81 51
69 80 15
70 18 13
71 96 42
72 14 21
73 88 2
74 11 24
75 5 36
76 75 1
77 32 56
78 91 43
79 15 3
80 64 22
81 85 30
82 28 5
83 23 21
84 55 20
85 22 27
86 86 53
87 91 8
88 59 45
89 10 27
90 18 15
91 7 11
92 11 6
93 15 58
94 9 31
95 51 8
96 25 56
97 84 34
98 36 39
99 78 48
0 72 47
1 5 52
2 82 36
3 17 15
4 58 55
5 3 5
6 96 49
7 34 55
8 46 2
9 69 37
10 77 57
11 16 24
12 71 12
13 36 6
14 81 45
15 39 31
16 87 31
17 51 41
18 83 39
19 71 21
20 27 14
21 97 55
22 82 31
23 24 18
24 42 55
25 95 8
26 30 25
27 95 54
28 74 41
29 11 9
30 94 43
31 98 34
32 19 3
33 69 22
34 37 47
35 45 57
36 25 28
37 21 40
38 78 55
39 98 30
40 62 20
41 85 55
42 82 56
43 46 30
44 53 2
45 94 44
46 80 7
47 5 34
48 35 30
49 38 44
50 85 57
51 91 43
52 39 41
53 97 31
54 3 6
55 72 39
56 57 39
57 52 31
58 15 34
59 83 24
60 54 40
61 72 22
62 3 3
63 25 43
64 92 45
65 99 53
66 76 42
67 40 18
68 83 36
69 85 40
70 37 47
71 59 57
72 13 37
73 63 45
74 6 30
75 93 39
76 15 36
77 98 38
78 25 16
79 28 10
80 88 24
81 40 16
82 15 54
83 80 12
84 18 46
85 33 2
86 73 48
87 7 29
88 21 32
89 35 26
90 70 57
91 58 17
92 96 50
93 71 2
94 32 4
95 60 39
96 91 54
97 13 45
98 41 1
99 13 30
0 26 29
1 37 48
2 70 29
3 3 11
4 5 39
5 8 5
6 80 49
7 11 18
8 51 41
9 93 9
10 32 27
11 18 11
12 13 23
13 62 22
14 56 21
15 93 15
16 11 24
17 99 15
18 41 44
19 52 2
20 87 40
21 13 43
22 40 19
23 3 34
24 14 44
25 98 22
26 5 18
27 90 41
28 43 14
29 44 18
30 38 16
31 13 42
32 36 12
33 50 44
34 67 55
35 11 50
36 73 52
37 53 44
38 34 13
39 22 37
40 87 56
41 8 39
42 68 46
43 98 21
44 93 7
45 85 13
46 11 37
47 5 30
48 98 24
49 4 24
50 55 31
51 92 11
52 18 14
53 80 53
54 87 43
55 9 2
56 39 18
57 37 5
58 42 42
59 51 30
60 25 22
61 41 2
62 54 17
63 90 33
64 90 47
65 52 15
66 92 26
67 33 41
68 88 3
69 67 39
70 70 21
71 85 2
72 89 20
73 29 13
74 84 22
75 26 25
76 87 22
77 83 3
78 10 57
79 96 47
80 89 28
81 21 32
82 88 2
83 6 40
84 63 28
85 5 44
86 55 42
87 43 45
88 5 51
89 4 29
90 18 20
91 40 16
92 44 30
93 85 39
94 90 50
95 18 22
96 37 54
97 12 20
98 71 9
99 35 57
0 8 3
1 61 29
2 21 2
3 96 22
4 43 41
5 36 23
6 9 49
7 64 9
8 35 26
9 92 50
10 84 1
11 92 56
12 28 25
13 6 2
14 59 40
15 70 55
16 77 47
17 91 26
18 26 43
19 38 41
20 56 56
21 57 9
22 56 58
23 30 29
24 45 45
25 5 50
26 89 54
27 26 42
28 31 15
29 96 5
30 73 42
31 37 17
32 87 33
33 69 43
34 22 40
35 60 19
36 10 13
37 45 31
38 26 28
39 9 38
40 6 24
41 12 28
42 31 38
43 93 54
44 44 30
45 35 20
46 4 50
47 6 21
48 64 45
49 69 38
50 61 7
51 50 44
52 28 44
53 94 8
54 4 18
55 19 35
56 28 2
57 91 14
58 58 21
59 57 15
60 64 17
61 47 8
62 63 30
63 99 53
64 91 53
65 2 16
66 32 15
67 45 7
68 57 45
69 34 41
70 60 44
71 34 17
72 33 15
73 79 24
74 80 13
75 86 44
76 53 45
77 85 6
78 9 12
79 6 35
80 89 41
81 74 17
82 43 22
83 3 29
84 31 23
85 79 41
86 64 10
87 89 24
88 52 56
89 57 29
90 62 40
91 46 16
92 97 38
93 32 15
94 94 11
95 76 31
96 72 29
97 86 23
98 29 39
99 82 20
0 31 11
1 89 27
2 4 37
3 5 23
4 30 55
5 90 46
6 57 13
7 47 41
8 44 54
9 9 21
10 5 20
11 31 38
12 69 40
13 90 42
14 69 13
15 95 8
16 94 27
17 11 19
18 54 31
19 93 25
20 80 50
21 24 16
22 57 40
23 25 30
24 25 30
25 87 52
26 58 8
27 8 4
28 72 19
29 11 44
30 35 23
31 53 28
32 50 17
33 90 5
34 98 54
35 93 14
36 31 54
37 9 9
38 55 56
39 5 47
40 31 30
41 58 19
42 20 29
43 17 16
44 3 7
45 49 41
46 24 21
47 3 33
48 22 5
49 52 56
50 26 4
51 25 56
52 6 14
53 8 43
54 48 28
55 70 44
56 35 39
57 58 37
58 12 48
59 35 2
60 25 25
61 68 17
62 18 30
63 16 41
64 73 20
65 28 26
66 20 56
67 35 16
68 75 36
69 73 55
70 88 9
71 91 12
72 61 16
73 64 38
74 10 25
75 11 21
76 23 22
77 84 46
78 18 57
79 16 28
80 66 44
81 40 3
82 17 25
83 35 2
84 46 45
85 52 56
86 35 46
87 95 29
88 41 36
89 92 39
90 31 29
91 20 4
92 61 56
93 9 4
94 89 45
95 65 19
96 30 30
97 10 43
98 81 35
99 86 11
0 2 41
1 60 42
2 19 20
3 66 2
4 11 23
5 79 45
6 76 22
7 32 46
8 91 38
9 23 22
10 4 18
11 24 25
12 23 24
13 82 44
14 11 28
15 98 16
16 64 43
17 96 19
18 8 43
19 82 21
20 88 2
21 90 18
22 7 26
23 80 57
24 5 22
25 49 16
26 75 19
27 8 55
28 94 4
29 59 55
30 4 8
31 63 44
32 38 40
33 58 28
34 59 45
35 17 9
36 90 18
37 4 13
38 89 57
39 81 56
40 8 36
41 23 18
42 85 23
43 79 4
44 27 7
45 33 55
46 94 19
47 73 52
48 31 16
49 92 8
50 77 17
51 49 18
52 22 24
53 73 42
54 59 18
55 37 47
56 67 2
57 22 38
58 48 44
59 20 6
60 89 35
61 41 55
62 93 49
63 27 18
64 93 24
65 49 39
66 79 26
67 71 42
68 6 52
69 5 25
70 24 41
71 27 30
72 81 43
73 33 11
74 93 33
75 6 51
76 20 8
77 62 54
78 75 43
79 9 23
80 11 3
81 93 5
82 61 41
83 84 28
84 4 46
85 2 3
86 78 19
87 7 48
88 4 40
89 12 9
90 22 55
91 72 18
92 95 5
93 33 46
94 84 37
95 88 29
96 87 29
97 39 7
98 44 16
99 98 24
0 51 30
1 79 1
2 16 56
3 85 19
4 28 11
5 67 31
6 12 14
7 12 18
8 59 28
9 68 2
10 16 41
11 48 30
12 17 6
13 85 26
14 67 2
15 50 54
16 29 29
17 46 21
18 50 44
19 37 14
20 75 29
21 41 42
22 50 30
23 87 35
24 84 32
25 16 11
26 24 8
27 81 7
28 26 17
29 34 22
30 22 31
31 88 47
32 15 22
33 65 30
34 4 11
35 90 34
36 4 7
37 95 23
38 71 54
39 80 33
40 82 23
41 75 37
42 29 9
43 20 29
44 4 7
45 83 12
46 89 26
47 37 37
48 90 31
49 71 15
50 97 50
51 37 7
52 36 57
53 42 23
54 44 41
55 12 33
56 7 35
57 90 47
58 19 40
59 72 52
60 5 16
61 42 16
62 66 42
63 4 38
64 19 44
65 51 55
66 76 16
67 6 51
68 77 20
69 26 13
70 72 28
71 91 45
72 85 48
73 27 36
74 34 19
75 46 56
76 66 45
77 44 44
78 4 35
79 12 21
80 32 4
81 67 27
82 22 27
83 20 5
84 72 54
85 45 14
86 68 37
87 87 29
88 10 5
89 44 20
90 82 23
91 26 19
92 2 36
93 18 11
94 26 1
95 6 23
96 51 8
97 33 17
98 43 18
99 65 28
0 81 29
1 27 44
2 80 17
3 56 20
4 35 24
5 31 37
6 3 19
7 87 15
8 27 24
9 42 56
10 84 37
11 69 28
12 13 24
13 45 9
14 43 31
15 82 20
16 47 20
17 16 14
18 3 50
19 68 23
20 2 33
21 56 18
22 43 42
23 4 14
24 92 28
25 69 43
26 15 38
27 19 36
28 25 6
29 54 56
30 98 8
31 18 33
32 12 43
33 32 23
34 76 56
35 37 13
36 86 5
37 10 18
38 7 27
39 33 29
40 50 16
41 50 8
42 66 2
43 3 40
44 30 15
45 11 33
46 83 6
47 8 34
48 78 45
49 21 56
50 58 3
51 17 22
52 76 16
53 72 44
54 5 37
55 3 42
56 9 32
57 59 18
58 8 21
59 64 38
60 15 16
61 48 29
62 2 15
63 79 4
64 7 55
65 13 13
66 50 16
67 76 2
68 27 29
69 54 42
70 10 30
71 19 44
72 95 49
73 16 32
74 69 28
75 34 8
76 12 11
77 90 33
78 55 41
79 88 57
80 66 30
81 53 42
82 36 22
83 84 46
84 86 31
85 12 4
86 80 34
87 73 9
88 27 20
89 30 1
90 45 44
91 55 37
92 76 29
93 3 4
94 39 40
95 84 27
96 17 16
97 51 57
98 87 29
99 83 44
0 24 42
1 11 6
2 7 32
3 86 37
4 13 38
5 62 7
6 11 43
7 23 46
8 71 39
9 29 28
10 84 46
11 34 15
12 15 16
13 42 15
14 2 6
15 43 46
16 38 18
17 3 39
18 21 56
19 44 40
20 23 39
21 94 43
22 48 19
23 91 14
24 34 46
25 84 5
26 15 40
27 91 7
28 36 5
29 9 14
30 78 54
31 72 46
32 65 18
33 72 28
34 97 27
35 7 57
36 4 35
37 60 15
38 60 45
39 29 18
40 70 42
41 32 38
42 4 30
43 38 2
44 3 54
45 59 37
46 4 48
47 69 15
48 9 19
49 39 47
50 47 56
51 69 3
52 24 36
53 25 18
54 39 15
55 25 26
56 5 21
57 25 56
58 81 32
59 20 26
60 95 13
61 36 28
62 57 18
63 93 29
64 43 58
65 6 44
66 98 28
67 78 36
68 29 2
69 15 19
70 6 54
71 87 44
72 73 57
73 36 26
74 26 45
75 77 53
76 18 8
77 4 38
78 40 11
79 85 25
80 21 29
81 8 8
82 2 28
83 70 9
84 30 25
85 20 41
86 11 36
87 83 46
88 11 40
89 17 13
90 25 18
91 27 54
92 13 40
93 96 37
94 2 24
95 60 41
96 78 22
97 84 56
98 21 19
99 24 25
0 97 17
1 25 15
2 57 15
3 71 17
4 49 41
5 21 4
6 19 13
7 7 48
8 93 41
9 80 21
10 42 18
11 85 15
12 72 29
13 54 44
14 77 22
15 24 57
16 85 30
17 18 3
18 82 46
19 15 15
20 31 15
21 26 9
22 40 12
23 17 56
24 33 44
25 95 37
26 44 39
27 30 12
28 20 35
29 62 1
30 95 38
31 91 53
32 18 16
33 96 53
34 33 12
35 53 58
36 58 56
37 85 21
38 11 49
39 17 39
40 19 43
41 24 11
42 51 56
43 15 18
44 61 56
45 30 20
46 37 17
47 76 29
48 74 23
49 66 8
50 3 43
51 90 38
52 80 17
53 64 57
54 37 37
55 3 4
56 60 36
57 92 18
58 50 16
59 83 15
60 84 19
61 45 54
62 13 9
63 9 34
64 92 46
65 31 19
66 92 35
67 51 44
68 21 42
69 93 27
70 5 28
71 37 29
72 78 38
73 83 26
74 62 45
75 69 37
76 82 47
77 88 8
78 29 10
79 33 16
80 72 15
81 98 55
82 53 55
83 92 29
84 95 54
85 85 33
86 83 35
87 10 30
88 7 52
89 77 50
90 6 44
91 27 15
92 7 44
93 88 55
94 79 46
95 27 38
96 20 17
97 5 25
98 2 25
99 50 2
0 59 55
1 34 56
2 18 31
3 88 33
4 14 25
5 3 21
6 50 15
7 95 18
8 33 29
9 84 22
10 89 34
11 46 43
12 83 19
13 81 31
14 91 18
15 48 15
16 15 9
17 37 54
18 97 44
19 2 3
20 29 45
21 99 33
22 27 16
23 32 36
24 73 30
25 87 8
26 2 17
27 6 45
28 83 33
29 43 42
30 78 49
31 56 29
32 28 41
33 24 23
34 59 9
35 3 11
36 75 45
37 62 21
38 46 28
39 61 20
40 97 43
41 46 7
42 17 9
43 13 7
44 9 38
45 32 26
46 25 20
47 33 44
48 59 22
49 88 10
50 96 48
51 39 14
52 71 42
53 88 9
54 7 47
55 48 17
56 50 16
57 57 9
58 99 9
59 8 48
60 8 50
61 90 2
62 67 22
63 82 36
64 85 24
65 20 30
66 59 45
67 53 16
68 56 54
69 29 18
70 98 37
71 93 40
72 10 22
73 35 43
74 31 45
75 91 6
76 60 15
77 23 11
78 95 51
79 36 38
80 5 19
81 28 42
82 8 50
83 11 7
84 89 51
85 97 41
86 95 22
87 96 10
88 73 50
89 80 31
90 57 2
91 45 42
92 90 33
93 54 23
94 13 21
95 61 3
96 18 56
97 57 12
98 15 18
99 98 50
0 71 28
1 13 55
2 46 31
3 54 54
4 35 41
5 97 21
6 97 58
7 98 57
8 55 31
9 88 52
10 35 37
11 3 53
12 73 37
13 71 29
14 51 2
15 44 30
16 26 15
17 30 24
18 39 39
19 58 9
20 3 1
21 76 40
22 12 52
23 21 34
24 31 9
25 83 17
26 11 37
27 7 7
28 28 28
29 52 56
30 13 57
31 63 58
32 63 54
33 86 31
34 48 55
35 6 38
36 59 56
37 46 55
38 5 36
39 45 30
40 91 46
41 79 16
42 32 25
43 71 28
44 63 44
45 17 26
46 49 2
47 27 4
48 89 53
49 48 40
50 85 13
51 78 54
52 98 24
53 49 8
54 14 30
55 9 33
56 28 23
57 4 11
58 92 39
59 28 54
60 20 9
61 47 39
62 89 54
63 24 5
64 91 15
65 8 47
66 71 41
67 2 14
68 80 44
69 7 21
70 67 43
71 89 37
72 71 37
73 74 14
74 82 9
75 87 25
76 59 39
77 31 10
78 34 29
79 87 35
80 3 50
81 94 41
82 14 30
83 87 18
84 79 48
85 28 5
86 80 53
87 47 16
88 70 16
89 91 34
90 46 13
91 63 23
92 47 17
93 92 9
94 29 28
95 11 30
96 24 57
97 75 15
98 16 43
99 6 44
0 17 35
1 23 30
2 29 25
3 51 15
4 34 42
5 95 32
6 35 40
7 83 25
8 6 41
9 99 14
10 6 5
11 36 37
12 77 56
13 89 36
14 23 55
15 65 45
16 63 39
17 83 49
18 88 7
19 73 56
20 10 27
21 11 17
22 37 21
23 13 43
24 23 25
25 82 51
26 37 18
27 9 24
28 34 9
29 88 6
30 84 15
31 90 42
32 31 37
33 49 39
34 61 58
35 10 21
36 91 16
37 4 41
38 2 48
39 27 2
40 68 55
41 30 54
42 61 38
43 76 54
44 97 30
45 14 36
46 18 42
47 62 15
48 70 28
49 86 48
50 73 13
51 80 57
52 4 11
53 12 35
54 38 42
55 61 36
56 52 28
57 22 5
58 24 5
59 72 37
60 70 10
61 63 18
62 96 21
63 14 44
64 36 1
65 88 22
66 26 12
67 57 17
68 47 8
69 98 4
70 82 18
71 26 6
72 45 57
73 72 57
74 63 2
75 72 30
76 97 35
77 52 43
78 46 43
79 42 7
80 42 36
81 75 57
82 83 5
83 86 44
84 91 34
85 71 46
86 27 23
87 91 7
88 49 54
89 94 27
90 85 42
91 24 5
92 20 45
93 32 9
94 36 50
95 53 45
96 32 30
97 5 5
98 40 7
99 35 38
0 51 9
1 3 24
2 60 43
3 63 8
4 6 24
5 20 43
6 92 38
7 72 3
8 8 30
9 94 25
10 5 10
11 85 11
12 35 24
13 34 15
14 86 56
15 18 4
16 12 6
17 43 22
18 25 10
19 48 1
20 77 51
21 10 53
22 31 6
23 92 39
24 97 4
25 45 56
26 54 28
27 87 35
28 60 3
29 4 36
30 12 17
31 81 11
32 4 4
33 33 4
34 36 17
35 17 28
36 79 47
37 57 56
38 19 30
39 39 22
40 5 22
41 15 40
42 97 32
43 84 49
44 6 56
45 32 31
46 24 54
47 4 3
48 48 56
49 4 6
50 83 4
51 76 47
52 27 57
53 13 10
54 46 30
55 94 4
56 31 8
57 10 4
58 75 39
59 69 11
60 76 39
61 15 57
62 78 20
63 73 42
64 73 3
65 31 38
66 87 15
67 91 52
68 85 36
69 19 44
70 23 17
71 20 3
72 76 29
73 71 51
74 85 53
75 34 27
76 5 24
77 17 46
78 44 30
79 79 22
80 82 54
81 87 34
82 86 16
83 39 55
84 7 42
85 45 45
86 80 1
87 97 49
88 76 51
89 56 39
90 38 3
91 90 32
92 69 38
93 17 22
94 95 19
95 8 40
96 87 4
97 87 34
98 7 35
99 29 40
0 95 22
1 8 53
2 58 42
3 48 54
4 56 44
5 37 38
6 50 22
7 50 15
8 71 28
9 38 55
10 46 38
11 81 23
12 60 29
13 32 55
14 14 21
15 70 17
16 20 43
17 92 21
18 27 11
19 44 37
20 12 4
21 85 14
22 55 15
23 62 41
24 86 37
25 91 32
26 5 24
27 22 40
28 2 11
29 10 3
30 35 22
31 22 33
32 94 56
33 36 9
34 65 28
35 80 43
36 14 46
37 2 53
38 94 2
39 8 19
40 80 47
41 35 40
42 4 43
43 8 22
44 33 37
45 50 11
46 63 39
47 18 22
48 13 30
49 86 49
50 17 5
51 10 36
52 94 7
53 44 18
54 92 19
55 44 41
56 3 52
57 76 44
58 93 25
59 39 6
60 7 46
61 78 48
62 83 39
63 88 46
64 77 2
65 88 12
66 96 34
67 3 46
68 3 7
69 92 37
70 84 12
71 81 56
72 76 19
73 55 57
74 87 20
75 10 57
76 80 9
77 50 3
78 55 22
79 18 39
80 78 54
81 53 28
82 96 18
83 47 2
84 38 45
85 8 38
86 60 43
87 29 41
88 26 25
89 53 14
90 39 45
91 86 18
92 32 5
93 11 27
94 60 9
95 6 7
96 24 39
97 10 41
98 65 55
99 16 44
0 16 21
1 80 9
2 18 42
3 36 41
4 6 8
5 55 8
6 71 40
7 73 16
8 88 11
9 45 9
10 24 56
11 17 6
12 28 37
13 21 16
14 36 7
15 87 25
16 26 55
17 80 50
18 86 12
19 17 22
20 32 7
21 54 58
22 26 40
23 29 12
24 84 27
25 95 47
26 98 17
27 25 11
28 7 33
29 64 15
30 81 57
31 20 56
32 51 21
33 36 42
34 27 39
35 32 29
36 38 49
37 84 22
38 47 45
39 11 3
40 24 30
41 69 43
42 71 9
43 16 11
44 29 5
45 60 15
46 36 36
47 38 2
48 35 9
49 24 44
50 53 23
51 86 15
52 76 44
53 29 9
54 93 25
55 91 17
56 38 57
57 2 41
58 80 27
59 98 33
60 81 57
61 33 25
62 76 31
63 62 21
64 84 13
65 90 15
66 67 54
67 98 5
68 61 37
69 93 41
70 91 8
71 85 12
72 65 29
73 17 16
74 12 20
75 82 32
76 47 30
77 74 58
78 20 36
79 96 39
80 29 45
81 14 3
82 82 54
83 33 36
84 23 12
85 19 21
86 94 53
87 34 12
88 89 9
89 79 22
90 59 43
91 57 7
92 78 49
93 59 19
94 20 28
95 99 5
96 92 33
97 77 23
98 17 11
99 41 15
0 32 10
1 74 18
2 81 25
3 94 39
4 9 32
5 7 45
6 31 16
7 2 8
8 11 45
9 8 51
10 74 45
11 36 36
12 32 55
13 25 42
14 79 15
15 93 8
16 96 9
17 95 11
18 63 19
19 72 16
20 10 32
21 95 8
22 21 21
23 17 24
24 35 26
25 81 52
26 9 29
27 82 4
28 89 18
29 10 39
30 10 18
31 87 27
32 12 57
33 34 43
34 32 11
35 11 32
36 12 34
37 23 24
38 68 40
39 53 23
40 19 18
41 89 29
42 86 3
43 49 15
44 32 17
45 95 18
46 92 22
47 98 23
48 36 26
49 65 41
50 56 40
51 85 3
52 76 47
53 36 6
54 70 28
55 30 18
56 21 57
57 14 2
58 97 22
59 41 18
60 8 40
61 47 41
62 66 45
63 26 40
64 43 28
65 96 56
66 90 17
67 34 7
68 27 22
69 19 1
70 89 29
71 47 42
72 39 30
73 77 31
74 38 2
75 80 45
76 11 51
77 31 22
78 43 16
79 39 21
80 87 9
81 30 56
82 91 23
83 56 58
84 9 4
85 69 55
86 17 19
87 37 3
88 81 55
89 24 41
90 85 21
91 62 38
92 8 26
93 93 12
94 66 21
95 81 56
96 6 11
97 65 39
98 96 6
99 13 33
0 76 40
1 2 35
2 27 19
3 19 15
4 38 12
5 63 19
6 98 6
7 18 5
8 71 42
9 35 19
10 81 24
11 97 52
12 92 18
13 74 49
14 79 51
15 88 21
16 73 44
17 63 14
18 7 23
19 15 42
20 75 56
21 14 44
22 13 24
23 88 23
24 90 58
25 44 45
26 52 22
27 71 10
28 34 29
29 17 27
30 68 43
31 40 13
32 34 5
33 31 6
34 9 26
35 48 16
36 10 24
37 91 30
38 40 19
39 10 12
40 98 53
41 88 44
42 29 7
43 29 14
44 23 38
45 80 57
46 86 34
47 92 26
48 84 14
49 5 2
50 23 14
51 57 12
52 14 46
53 63 38
54 83 35
55 37 46
56 25 28
57 2 2
58 33 1
59 91 57
60 3 28
61 87 43
62 43 13
63 84 32
64 80 49
65 81 39
66 82 50
67 52 18
68 63 15
69 87 14
70 4 28
71 69 9
72 52 2
73 16 34
74 20 20
75 73 39
76 17 33
77 48 57
78 70 10
79 60 45
80 51 58
81 96 21
82 86 58
83 3 47
84 35 5
85 37 36
86 51 39
87 14 30
88 37 37
89 68 40
90 35 31
91 70 9
92 23 28
93 58 43
94 96 42
95 31 21
96 85 25
97 97 36
98 56 39
99 74 40
0 75 47
1 97 12
2 39 48
3 78 48
4 21 44
5 60 15
6 18 30
7 6 21
8 35 13
9 11 40
10 39 14
11 91 14
12 38 7
13 30 14
14 6 5
15 15 11
16 10 48
17 3 43
18 47 40
19 2 28
20 11 27
21 5 16
22 72 38
23 95 57
24 88 4
25 27 22
26 28 20
27 28 29
28 93 3
29 87 4
30 13 14
31 75 51
32 80 16
33 14 7
34 40 42
35 89 4
36 38 19
37 58 17
38 96 26
39 84 30
40 93 57
41 8 40
42 92 43
43 26 6
44 55 54
45 5 46
46 78 15
47 33 44
48 62 36
49 19 57
50 55 17
51 96 8
52 51 16
53 57 56
54 8 8
55 97 19
56 82 20
57 82 28
58 88 48
59 8 23
60 8 31
61 48 7
62 39 17
63 98 45
64 25 12
65 23 4
66 81 53
67 87 29
68 76 20
69 56 21
70 14 4
71 70 19
72 26 6
73 77 46
74 8 25
75 81 2
76 79 39
77 91 40
78 15 44
79 87 18
80 39 40
81 93 8
82 18 25
83 21 56
84 84 5
85 36 31
86 49 18
87 36 24
88 19 4
89 5 12
90 6 47
91 36 37
92 43 17
93 23 11
94 37 27
95 38 27
96 64 14
97 97 21
98 17 57
99 66 31
0 7 44
1 21 5
2 13 54
3 94 51
4 36 53
5 68 20
6 39 52
7 5 35
8 30 7
9 89 41
10 11 54
11 55 44
12 78 46
13 19 20
14 6 43
15 78 54
16 29 55
17 13 7
18 65 20
19 80 1
20 25 17
21 57 14
22 47 38
23 8 31
24 19 21
25 42 8
26 86 4
27 82 36
28 93 29
29 3 3
30 7 12
31 24 17
32 32 8
33 60 8
34 45 12
35 72 3
36 58 28
37 80 7
38 94 37
39 19 34
40 14 46
41 59 31
42 16 21
43 91 38
44 51 55
45 5 11
46 88 32
47 98 52
48 58 17
49 20 56
50 88 54
51 89 32
52 14 12
53 89 31
54 13 10
55 34 31
56 95 40
57 42 14
58 18 12
59 7 14
60 37 17
61 44 22
62 97 30
63 99 23
64 33 29
65 76 41
66 95 25
67 55 2
68 21 46
69 33 7
70 19 35
71 60 39
72 3 39
73 80 1
74 65 20
75 52 36
76 29 11
77 20 55
78 16 30
79 90 27
80 4 52
81 5 25
82 91 4
83 31 5
84 59 2
85 41 15
86 53 38
87 98 42
88 84 26
89 77 47
90 46 57
91 23 42
92 98 15
93 44 29
94 11 11
95 55 43
96 92 16
97 75 36
98 29 44
99 14 8
0 67 41
1 73 22
2 4 44
3 85 23
4 54 22
5 80 9
6 37 3
7 87 35
8 16 7
9 21 33
10 4 6
11 18 57
12 90 4
13 38 10
14 37 5
15 38 6
16 62 22
17 58 41
18 95 46
19 39 50
20 15 33
21 29 46
22 25 37
23 63 46
24 28 20
25 9 45
26 81 35
27 36 37
28 5 24
29 40 22
30 96 43
31 5 12
32 34 45
33 61 31
34 96 35
35 50 14
36 88 40
37 97 38
38 50 46
39 81 45
40 38 16
41 26 55
42 97 45
43 86 18
44 82 8
45 6 50
46 27 22
47 19 29
48 91 34
49 73 16
50 52 22
51 29 12
52 71 7
53 74 3
54 32 2
55 84 26
56 73 48
57 65 37
58 81 8
59 65 18
60 36 4
61 92 52
62 67 28
63 38 50
64 81 26
65 9 8
66 51 7
67 96 12
68 53 44
69 24 56
70 61 58
71 29 4
72 92 53
73 60 44
74 70 21
75 25 2
76 56 39
77 47 44
78 43 30
79 81 18
80 27 4
81 68 55
82 95 28
83 8 10
84 72 57
85 58 30
86 89 36
87 37 47
88 5 11
89 58 42
90 64 11
91 15 14
92 38 38
93 56 38
94 41 7
95 40 8
96 41 44
97 90 14
98 33 17
99 89 33
0 93 13
1 92 17
2 73 37
3 12 7
4 82 8
5 73 2
6 66 8
7 58 44
8 50 46
9 86 38
10 53 7
11 83 51
12 93 35
13 82 35
14 97 3
15 7 34
16 14 9
17 68 39
18 26 25
19 35 19
20 24 24
21 20 36
22 88 31
23 22 7
24 19 17
25 39 39
26 63 14
27 6 7
28 83 54
29 43 29
30 11 40
31 59 7
32 48 45
33 59 20
34 66 14
35 57 55
36 62 22
37 32 19
38 75 41
39 45 14
40 19 1
41 96 48
42 40 8
43 4 36
44 24 27
45 2 12
46 73 14
47 12 36
48 37 50
49 72 39
50 44 56
51 35 18
52 42 18
53 62 29
54 89 23
55 46 36
56 14 14
57 17 37
58 11 41
59 25 9
60 23 10
61 14 24
62 88 15
63 57 57
64 62 44
65 19 27
66 15 54
67 31 13
68 65 46
69 24 38
70 30 25
71 83 47
72 88 30
73 94 32
74 33 27
75 65 2
76 89 43
77 19 40
78 8 38
79 54 37
80 74 22
81 79 36
82 87 56
83 35 41
84 88 10
85 76 21
86 90 20
87 51 21
88 22 2
89 81 7
90 61 29
91 10 13
92 11 30
93 91 44
94 92 12
95 26 20
96 38 16
97 60 8
98 52 31
99 89 7
0 56 44
1 58 1
2 42 56
3 67 19
4 89 35
5 96 24
6 63 21
7 29 20
8 38 10
9 67 3
10 13 2
11 59 31
12 48 38
13 30 57
14 50 17
15 44 45
16 37 21
17 28 37
18 82 14
19 57 22
20 42 42
21 4 41
22 98 35
23 72 17
24 5 29
25 29 45
26 14 38
27 53 44
28 58 55
29 31 14
30 92 53
31 75 42
32 12 15
33 9 48
34 82 6
35 12 47
36 17 18
37 19 27
38 48 14
39 25 25
40 45 29
41 55 15
42 92 3
43 35 12
44 16 14
45 44 19
46 19 2
47 2 35
48 97 57
49 73 14
50 22 2
51 57 42
52 95 57
53 60 38
54 45 3
55 2 28
56 24 26
57 18 40
58 8 18
59 54 23
60 9 55
61 19 13
62 10 11
63 52 12
64 96 5
65 36 16
66 64 3
67 18 22
68 48 42
69 39 17
70 79 49
71 23 17
72 35 29
73 90 52
74 32 26
75 97 43
76 95 14
77 60 27
78 6 21
79 12 14
80 52 41
81 55 23
82 66 56
83 95 40
84 41 5
85 41 2
86 37 14
87 20 30
88 28 41
89 71 30
90 19 56
91 36 39
92 29 42
93 13 10
94 78 50
95 71 47
96 98 24
97 76 55
98 50 15
99 71 13
0 31 14
1 8 7
2 91 28
3 24 42
4 92 58
5 69 55
6 33 29
7 92 14
8 19 25
9 95 53
10 87 26
11 75 11
12 66 18
13 14 23
14 87 52
15 79 21
16 29 25
17 4 8
18 73 56
19 5 12
20 28 38
21 22 55
22 81 50
23 7 22
24 21 7
25 32 42
26 68 16
27 13 30
28 35 40
29 58 29
30 2 42
31 74 54
32 73 36
33 67 14
34 31 38
35 67 36
36 80 12
37 80 13
38 91 49
39 34 38
40 59 7
41 32 18
42 39 47
43 59 23
44 20 42
45 70 41
46 89 45
47 48 14
48 90 47
49 92 44
50 49 22
51 5 28
52 85 41
53 22 17
54 82 55
55 38 46
56 87 4
57 26 13
58 8 21
59 31 42
60 34 40
61 50 9
62 67 39
63 3 20
64 50 21
65 16 20
66 67 57
67 83 33
68 37 31
69 36 48
70 77 15
71 75 38
72 84 12
73 79 6
74 97 7
75 32 56
76 39 45
77 17 55
78 26 12
79 44 39
80 94 42
81 18 35
82 85 13
83 30 27
84 12 53
85 89 9
86 30 19
87 89 57
88 43 20
89 65 40
90 67 41
91 4 5
92 10 49
93 41 22
94 57 23
95 23 15
96 8 43
97 25 22
98 85 48
99 66 19
0 37 16
1 49 7
2 70 1
3 18 26
4 53 13
5 69 8
6 30 24
7 51 3
8 34 4
9 60 37
10 11 41
11 47 44
12 10 14
13 82 56
14 74 16
15 69 10
16 2 6
17 21 36
18 93 8
19 79 24
20 55 19
21 73 49
22 52 29
23 94 13
24 10 16
25 53 55
26 34 27
27 14 4
28 9 19
29 23 19
30 6 22
31 60 36
32 30 24
33 74 22
34 25 7
35 49 38
36 76 30
37 13 30
38 63 40
39 85 35
40 92 11
41 17 25
42 56 22
43 98 23
44 32 22
45 27 39
46 16 32
47 16 28
48 78 18
49 87 41
50 74 56
51 49 37
52 11 32
53 96 27
54 83 49
55 79 49
56 2 22
57 73 19
58 93 55
59 58 43
60 81 38
61 97 20
62 27 22
63 39 8
64 24 43
65 36 28
66 13 43
67 25 18
68 81 3
69 24 27
70 53 54
71 57 14
72 17 54
73 40 19
74 28 37
75 75 19
76 15 3
77 74 13
78 5 47
79 24 20
80 29 55
81 76 45
82 2 2
83 4 29
84 85 17
85 37 51
86 78 22
87 19 41
88 10 14
89 72 20
90 48 28
91 96 52
92 23 40
93 49 54
94 14 1
95 95 28
96 74 23
97 50 44
98 32 45
99 5 26
0 96 16
1 67 42
2 10 40
3 65 14
4 28 7
5 83 19
6 59 31
7 64 9
8 4 31
9 15 23
10 92 28
11 31 28
12 53 15
13 24 30
14 96 3
15 79 30
16 6 24
17 88 26
18 41 16
19 43 38
20 30 45
21 31 43
22 17 31
23 4 30
24 24 39
25 29 31
26 35 2
27 19 8
28 33 21
29 83 47
30 82 35
31 16 37
32 19 33
33 74 18
34 3 48
35 51 39
36 74 38
37 32 23
38 80 46
39 65 14
40 94 49
41 28 20
42 89 42
43 89 7
44 4 52
45 65 44
46 41 37
47 43 19
48 5 15
49 11 54
50 15 58
51 28 6
52 95 39
53 30 31
54 74 36
55 90 22
56 14 9
57 40 38
58 47 29
59 35 29
60 23 29
61 39 9
62 86 11
63 30 8
64 27 25
65 54 3
66 39 45
67 59 8
68 29 28
69 48 38
70 29 19
71 51 20
72 73 1
73 30 6
74 31 25
75 96 54
76 83 50
77 92 7
78 41 15
79 64 9
80 74 3
81 54 15
82 86 14
83 12 41
84 94 44
85 39 49
86 61 8
87 51 55
88 83 30
89 21 38
90 37 27
91 82 4
92 39 44
93 58 38
94 31 12
95 60 16
96 56 40
97 90 57
98 23 21
99 47 14
0 68 38
1 63 41
2 20 31
3 67 39
4 31 45
5 30 2
6 88 34
7 91 40
8 18 9
9 9 47
10 39 48
11 87 11
12 90 6
13 31 6
14 74 53
15 75 52
16 51 56
17 45 2
18 93 48
19 36 28
20 53 39
21 95 20
22 7 31
23 89 27
24 82 3
25 19 43
26 19 42
27 79 42
28 28 43
29 33 8
30 52 56
31 87 24
32 8 47
33 70 30
34 49 8
35 8 39
36 96 32
37 58 41
38 70 22
39 2 41
40 36 31
41 81 15
42 83 52
43 35 38
44 42 20
45 49 45
46 69 31
47 91 19
48 90 46
49 23 24
50 96 47
51 45 29
52 97 45
53 97 23
54 98 2
55 91 46
56 58 12
57 90 43
58 98 34
59 57 56
60 73 53
61 45 31
62 60 23
63 79 43
64 89 8
65 14 29
66 90 25
67 19 40
68 14 15
69 82 47
70 37 23
71 86 46
72 54 8
73 71 19
74 12 29
75 92 27
76 15 9
77 14 6
78 46 45
79 12 57
80 6 30
81 14 38
82 84 29
83 27 19
84 20 7
85 16 31
86 82 12
87 7 17
88 30 19
89 73 44
90 62 15
91 32 15
92 71 21
93 10 38
94 7 2
95 13 27
96 40 13
97 23 27
98 80 12
99 15 27
0 86 19
1 12 36
2 6 18
3 89 26
4 65 55
5 27 46
6 35 56
7 25 6
8 5 54
9 79 43
10 86 5
11 27 26
12 10 25
13 84 34
14 7 45
15 49 30
16 18 11
17 39 2
18 66 46
19 24 28
20 14 44
21 79 6
22 17 42
23 2 12
24 85 43
25 2 44
26 83 39
27 38 56
28 32 16
29 10 50
30 29 25
31 35 36
32 5 27
33 75 43
34 35 7
35 24 24
36 7 35
37 45 3
38 77 29
39 86 30
40 25 45
41 7 35
42 59 1
43 57 16
44 80 14
45 64 46
46 48 45
47 50 21
48 4 46
49 13 37
50 77 51
51 43 37
52 39 41
53 77 37
54 55 46
55 86 28
56 17 24
57 26 29
58 98 27
59 45 41
60 70 21
61 50 55
62 79 20
63 91 51
64 30 40
65 26 25
66 38 18
67 4 18
68 74 28
69 88 47
70 95 49
71 52 19
72 28 26
73 4 49
74 13 34
75 59 39
76 94 40
77 51 22
78 92 5
79 41 30
80 81 3
81 55 56
82 97 14
83 61 44
84 62 36
85 88 3
86 71 17
87 91 5
88 45 31
89 68 43
90 16 44
91 88 56
92 28 40
93 21 10
94 7 47
95 85 23
96 85 35
97 94 11
98 55 43
99 55 8
0 26 2
1 66 37
2 79 24
3 42 28
4 14 29
5 34 3
6 16 12
7 53 15
8 13 26
9 96 15
10 7 44
11 83 29
12 70 14
13 69 2
14 97 19
15 90 46
16 16 5
17 85 37
18 88 54
19 78 37
20 33 22
21 12 41
22 88 35
23 12 8
24 11 52
25 14 25
26 39 31
27 34 29
28 40 37
29 2 18
30 36 37
31 64 38
32 65 56
33 32 5
34 86 11
35 31 27
36 44 9
37 16 20
38 76 40
39 21 34
40 84 34
41 59 29
42 33 8
43 46 46
44 30 29
45 98 25
46 49 39
47 89 35
48 56 7
49 71 36
50 84 15
51 33 29
52 14 20
53 86 49
54 90 36
55 96 16
56 59 19
57 21 13
58 42 43
59 96 56
60 59 29
61 24 23
62 90 37
63 32 26
64 68 29
65 52 45
66 67 55
67 21 38
68 36 11
69 35 38
70 38 16
71 24 44
72 34 12
73 46 22
74 96 36
75 24 40
76 75 50
77 61 18
78 92 18
79 94 57
80 32 54
81 17 32
82 28 28
83 73 18
84 89 24
85 2 8
86 13 31
87 30 44
88 56 19
89 8 20
90 56 43
91 92 46
92 14 43
93 26 22
94 5 18
95 6 17
96 39 14
97 2 17
98 53 56
99 97 22
0 63 56
1 22 15
2 20 11
3 38 11
4 52 38
5 16 44
6 87 50
7 13 30
8 62 8
9 80 14
10 8 29
11 80 4
12 45 45
13 98 2
14 6 20
15 27 16
16 57 9
17 60 54
18 40 3
19 36 27
20 95 17
21 73 45
22 12 19
23 16 6
24 61 15
25 2 37
26 9 21
27 12 27
28 30 55
29 89 21
30 94 50
31 81 54
32 95 36
33 32 5
34 37 5
35 61 16
36 95 49
37 31 56
38 15 45
39 42 57
40 57 13
41 44 19
42 36 4
43 24 58
44 43 19
45 14 23
46 48 16
47 19 28
48 64 21
49 66 18
50 16 57
51 47 38
52 87 9
53 26 18
54 14 42
55 26 22
56 54 56
57 33 10
58 78 50
59 15 54
60 84 30
61 53 42
62 73 46
63 34 11
64 43 45
65 7 54
66 95 25
67 73 40
68 2 52
69 39 16
70 30 40
71 38 6
72 14 34
73 86 43
74 6 6
75 39 55
76 48 14
77 82 20
78 6 25
79 90 33
80 57 39
81 91 23
82 64 16
83 34 45
84 21 42
85 43 3
86 7 14
87 41 41
88 12 12
89 39 7
90 31 37
91 79 42
92 97 48
93 32 27
94 86 54
95 64 39
96 86 22
97 78 21
98 30 22
99 53 18
0 5 37
1 40 8
2 35 22
3 82 15
4 11 52
5 77 28
6 96 13
7 54 7
8 79 49
9 45 38
10 69 40
11 53 31
12 23 7
13 80 56
14 11 21
15 6 47
16 24 1
17 17 36
18 37 31
19 83 13
20 21 41
21 51 13
22 38 55
23 19 34
24 73 40
25 86 49
26 61 17
27 39 8
28 4 14
29 69 40
30 24 24
31 37 51
32 49 45
33 44 46
34 4 8
35 34 41
36 74 20
37 30 19
38 50 45
39 14 14
40 72 2
41 84 30
42 72 44
43 52 8
44 66 29
45 51 12
46 34 56
47 20 30
48 56 45
49 98 31
50 38 42
51 48 30
52 44 43
53 76 40
54 97 9
55 11 26
56 88 32
57 32 24
58 5 34
59 36 45
60 28 9
61 15 2
62 96 40
63 19 56
64 89 50
65 74 47
66 20 39
67 26 15
68 80 13
69 85 29
70 84 27
71 42 14
72 90 5
73 99 16
74 11 20
75 82 34
76 5 26
77 43 19
78 29 8
79 93 17
80 73 51
81 38 50
82 53 46
83 17 38
84 91 32
85 27 57
86 4 9
87 81 10
88 7 25
89 96 42
90 21 57
91 19 34
92 14 44
93 55 40
94 20 31
95 13 39
96 48 31
97 27 16
98 51 55
99 29 43
0 54 44
1 46 22
2 34 1
3 8 50
4 46 39
5 43 20
6 55 27
7 96 10
8 61 40
9 22 35
10 32 24
11 5 34
12 41 28
13 75 17
14 45 16
15 10 5
16 3 16
17 54 23
18 62 15
19 71 41
20 69 11
21 13 15
22 34 19
23 33 56
24 93 55
25 78 52
26 89 39
27 71 28
28 5 11
29 7 35
30 23 16
31 2 57
32 17 2
33 85 17
34 8 50
35 8 41
36 15 37
37 97 20
38 74 51
39 58 20
40 53 56
41 31 19
42 73 56
43 84 26
44 91 37
45 48 15
46 64 30
47 23 54
48 87 38
49 68 45
50 95 38
51 83 47
52 44 3
53 29 57
54 3 46
55 67 57
56 79 52
57 77 29
58 39 28
59 26 5
60 96 8
61 4 44
62 36 5
63 85 11
64 97 6
65 23 55
66 82 53
67 74 42
68 21 17
69 65 45
70 74 8
71 5 16
72 79 10
73 90 5
74 86 42
75 85 44
76 72 18
77 56 18
78 38 40
79 87 57
80 92 8
81 81 20
82 94 46
83 21 11
84 12 19
85 27 39
86 59 11
87 94 15
88 33 12
89 38 39
90 64 19
91 2 18
92 95 27
93 34 22
94 63 28
95 12 31
96 84 20
97 13 22
98 64 18
99 90 38
0 37 13
1 21 24
2 24 55
3 68 20
4 78 29
5 28 39
6 24 10
7 5 46
8 81 57
9 72 50
10 80 46
11 82 8
12 32 15
13 36 39
14 29 17
15 91 32
16 74 20
17 32 26
18 89 47
19 8 31
20 31 11
21 96 12
22 94 51
23 3 37
24 20 33
25 35 21
26 20 14
27 20 55
28 67 44
29 35 30
30 97 36
31 69 2
32 24 56
33 19 30
34 39 21
35 3 27
36 34 15
37 26 30
38 48 19
39 15 15
40 36 23
41 80 11
42 43 21
43 52 38
44 89 47
45 57 38
46 24 15
47 23 14
48 4 10
49 71 7
50 19 43
51 37 18
52 22 17
53 63 38
54 66 56
55 4 51
56 39 4
57 36 12
58 71 46
59 85 48
60 91 41
61 21 26
62 92 50
63 63 40
64 80 2
65 64 16
66 21 13
67 15 15
68 3 45
69 77 30
70 97 29
71 68 15
72 91 40
73 98 50
74 49 54
75 25 31
76 28 31
77 23 11
78 65 44
79 50 40
80 9 17
81 35 31
82 50 3
83 68 31
84 56 15
85 17 1
86 10 25
87 82 18
88 40 13
89 77 17
90 17 10
91 85 55
92 38 42
93 37 2
94 17 37
95 29 44
96 2 17
97 85 47
98 7 3
99 50 8
0 4 22
1 35 31
2 92 21
3 13 7
4 84 25
5 43 17
6 38 39
7 12 2
8 84 28
9 96 27
10 37 41
11 5 43
12 81 5
13 23 43
14 94 19
15 83 18
16 55 44
17 89 45
18 53 36
19 31 57
20 34 8
21 29 43
22 17 54
23 98 51
24 93 45
25 95 32
26 36 39
27 35 9
28 24 24
29 74 41
30 53 16
31 35 46
32 63 17
33 33 37
34 43 55
35 71 42
36 5 55
37 18 37
38 64 43
39 14 24
40 50 9
41 8 29
42 49 13
43 31 13
44 69 17
45 79 31
46 24 29
47 94 5
48 24 21
49 21 9
50 25 5
51 93 29
52 56 54
53 64 2
54 27 22
55 93 42
56 79 33
57 6 6
58 79 52
59 36 3
60 65 45
61 51 10
62 79 51
63 4 8
64 81 44
65 5 47
66 10 50
67 21 43
68 75 28
69 38 37
70 68 13
71 55 37
72 24 11
73 4 23
74 94 48
75 89 26
76 56 1
77 67 21
78 32 30
79 11 22
80 42 29
81 3 35
82 77 55
83 99 26
84 88 37
85 5 19
86 42 13
87 28 15
88 85 24
89 14 7
90 62 16
91 22 16
92 18 15
93 86 11
94 43 22
95 39 5
96 31 2
97 80 17
98 75 46
99 36 29
0 19 55
1 90 4
2 28 11
3 6 8
4 69 28
5 63 3
6 19 32
7 56 29
8 31 22
9 40 9
10 11 54
11 46 55
12 98 43
13 75 48
14 62 22
15 46 22
16 83 13
17 78 36
18 58 36
19 29 37
20 60 41
21 50 54
22 77 55
23 85 57
24 5 6
25 22 18
26 25 5
27 50 8
28 12 35
29 49 54
30 47 38
31 88 31
32 8 57
33 61 46
34 42 39
35 8 28
36 3 50
37 58 16
38 28 2
39 18 17
40 85 23
41 65 55
42 91 15
43 18 12
44 50 45
45 70 38
46 17 34
47 63 2
48 62 16
49 62 14
50 22 39
51 32 2
52 20 9
53 94 35
54 19 1
55 7 15
56 49 55
57 16 6
58 70 20
59 21 31
60 74 1
61 17 2
62 21 9
63 12 1
64 72 48
65 55 45
66 47 29
67 50 42
68 55 7
69 72 30
70 6 3
71 54 30
72 39 28
73 95 17
74 49 41
75 13 17
76 65 55
77 43 19
78 73 18
79 57 14
80 63 31
81 25 58
82 88 15
83 12 40
84 20 35
85 8 15
86 6 56
87 26 30
88 32 19
89 75 19
90 46 7
91 36 20
92 22 20
93 24 14
94 76 21
95 64 14
96 18 4
97 3 51
98 48 57
99 17 12
0 28 23
1 53 2
2 25 41
3 43 55
4 78 18
5 14 27
6 54 14
7 74 17
8 92 45
9 97 31
10 72 29
11 79 21
12 23 31
13 5 43
14 28 7
15 82 11
16 72 2
17 11 5
18 69 40
19 35 20
20 88 23
21 49 45
22 96 41
23 31 43
24 32 4
25 35 7
26 55 58
27 28 8
28 57 1
29 33 57
30 47 18
31 84 25
32 84 2
33 53 3
34 60 21
35 64 19
36 62 29
37 31 36
38 97 36
39 77 19
40 40 12
41 39 9
42 96 41
43 77 42
44 83 54
45 86 46
46 46 54
47 54 55
48 34 54
49 79 37
50 87 18
51 23 19
52 13 26
53 6 4
54 89 7
55 42 30
56 95 11
57 16 8
58 56 39
59 95 11
60 89 7
61 3 57
62 22 36
63 4 8
64 83 3
65 11 2
66 94 27
67 47 31
68 40 37
69 61 7
70 39 53
71 75 46
72 79 15
73 4 37
74 5 34
75 96 11
76 3 27
77 68 29
78 61 8
79 31 22
80 85 11
81 19 24
82 57 41
83 87 38
84 76 28
85 85 46
86 34 14
87 16 38
88 81 56
89 96 52
90 98 47
91 3 5
92 75 53
93 88 27
94 84 14
95 87 56
96 75 28
97 73 39
98 63 30
99 25 9
0 21 44
1 29 25
2 58 57
3 92 3
4 20 7
5 15 33
6 81 14
7 82 32
8 41 8
9 33 19
10 63 57
11 79 17
12 19 43
13 60 40
14 95 56
15 48 17
16 37 31
17 25 12
18 90 56
19 19 29
20 28 7
21 49 45
22 16 35
23 51 58
24 39 17
25 37 45
26 39 56
27 27 44
28 43 29
29 33 28
30 92 55
31 84 18
32 59 55
33 81 55
34 10 21
35 43 3
36 23 30
37 91 35
38 77 36
39 13 37
40 11 55
41 13 34
42 20 56
43 23 41
44 83 18
45 45 55
46 98 3
47 74 50
48 23 8
49 89 57
50 5 22
51 48 13
52 68 45
53 11 2
54 8 14
55 60 8
56 15 46
57 33 11
58 60 54
59 13 20
60 35 38
61 96 50
62 91 39
63 11 36
64 62 45
65 26 5
66 66 38
67 9 20
68 97 38
69 56 17
70 19 1
71 39 36
72 72 52
73 66 56
74 73 20
75 17 14
76 79 52
77 5 22
78 40 7
79 32 2
80 24 23
81 17 28
82 67 15
83 25 15
84 56 30
85 29 26
86 94 20
87 26 21
88 28 37
89 84 17
90 28 42
91 6 18
92 20 11
93 31 25
94 28 55
95 93 58
96 65 30
97 91 36
98 4 20
99 63 14
0 7 53
1 50 20
2 83 47
3 39 45
4 18 19
5 9 14
6 12 3
7 29 15
8 80 36
9 3 9
10 59 16
11 93 4
12 37 38
13 67 28
14 55 17
15 37 12
16 28 56
17 37 37
18 17 31
19 14 36
20 21 55
21 56 19
22 58 55
23 94 9
24 15 44
25 71 51
26 9 8
27 3 19
28 32 28
29 85 28
30 92 30
31 97 23
32 82 48
33 4 22
34 69 15
35 56 13
36 12 37
37 11 17
38 34 25
39 34 17
40 91 23
41 90 41
42 65 19
43 3 6
44 16 14
45 8 37
46 40 17
47 80 13
48 84 17
49 75 48
50 63 45
51 36 15
52 18 13
53 51 43
54 84 21
55 91 57
56 98 38
57 68 29
58 93 18
59 12 11
60 88 2
61 78 51
62 4 33
63 11 50
64 93 18
65 68 46
66 93 6
67 33 56
68 31 8
69 50 30
70 66 15
71 7 30
72 96 16
73 91 34
74 70 38
75 53 29
76 94 15
77 10 55
78 15 41
79 22 30
80 36 45
81 81 31
82 96 45
83 16 1
84 56 19
85 84 12
86 8 58
87 83 58
88 3 41
89 31 19
90 27 11
91 58 42
92 23 14
93 19 43
94 77 37
95 85 31
96 86 35
97 41 41
98 19 29
99 46 41
0 41 16
1 27 43
2 32 17
3 11 31
4 79 22
5 31 56
6 94 6
7 61 37
8 77 52
9 63 45
10 41 12
11 96 41
12 97 21
13 33 57
14 98 41
15 69 41
16 8 13
17 13 42
18 63 42
19 65 54
20 36 6
21 16 54
22 65 39
23 3 18
24 86 40
25 64 18
26 82 52
27 22 18
28 95 3
29 20 23
30 10 3
31 66 19
32 95 13
33 50 20
34 10 53
35 14 36
36 79 18
37 76 57
38 29 15
39 49 14
40 70 45
41 24 24
42 18 55
43 47 14
44 81 25
45 12 39
46 99 56
47 55 37
48 21 24
49 56 40
50 96 32
51 53 29
52 98 36
53 36 16
54 2 48
55 24 18
56 20 34
57 2 42
58 60 37
59 13 37
60 39 11
61 48 39
62 8 57
63 10 22
64 9 3
65 81 52
66 61 1
67 7 21
68 6 53
69 88 15
70 69 36
71 32 41
72 90 40
73 42 31
74 58 55
75 71 10
76 60 16
77 38 53
78 45 45
79 65 40
80 6 35
81 72 21
82 29 14
83 86 14
84 25 38
85 9 5
86 76 30
87 52 16
88 37 45
89 33 12
90 91 54
91 20 1
92 81 50
93 29 54
94 27 22
95 96 54
96 81 46
97 86 22
98 33 18
99 3 42
0 91 39
1 32 55
2 89 28
3 40 21
4 4 29
5 32 24
6 7 30
7 73 44
8 95 19
9 73 20
10 70 28
11 95 56
12 37 42
13 7 41
14 69 12
15 96 22
16 14 45
17 31 42
18 58 39
19 76 37
20 86 55
21 14 35
22 26 38
23 26 45
24 70 30
25 17 5
26 79 42
27 75 21
28 75 28
29 84 5
30 52 9
31 19 11
32 10 2
33 50 36
34 37 31
35 41 30
36 82 5
37 34 7
38 37 19
39 44 23
40 37 26
41 20 46
42 41 21
43 31 14
44 5 31
45 92 33
46 23 37
47 69 21
48 13 19
49 98 19
50 73 3
51 97 17
52 85 55
53 50 40
54 40 8
55 86 28
56 14 44
57 87 50
58 5 50
59 13 16
60 39 56
61 51 2
62 81 26
63 76 57
64 32 38
65 79 2
66 18 30
67 71 41
68 15 9
69 10 49
70 13 9
71 89 34
72 51 40
73 39 29
74 24 46
75 5 17
76 6 7
77 39 26
78 87 39
79 8 26
80 72 45
81 92 41
82 76 42
83 6 43
84 16 24
85 95 49
86 97 16
87 48 14
88 46 42
89 89 9
90 2 28
91 47 41
92 8 11
93 44 56
94 37 41
95 82 45
96 53 57
97 87 16
98 48 30
99 25 9
0 5 9
1 62 39
2 68 43
3 84 48
4 11 14
5 97 33
6 92 10
7 73 19
8 11 5
9 14 46
10 30 45
11 79 52
12 90 31
13 36 31
14 13 38
15 39 1
16 85 24
17 12 53
18 85 15
19 9 12
20 18 4
21 47 42
22 29 54
23 82 14
24 60 41
25 41 37
26 37 3
27 27 41
28 94 52
29 8 34
30 93 50
31 73 3
32 25 17
33 3 37
34 30 54
35 6 29
36 85 15
37 6 5
38 94 51
39 40 18
40 92 54
41 27 39
42 22 14
43 84 28
44 40 16
45 81 51
46 24 28
47 40 39
48 16 44
49 85 41
50 73 52
51 85 46
52 3 28
53 73 45
54 30 5
55 27 14
56 16 25
57 92 8
58 73 57
59 49 21
60 55 40
61 95 47
62 31 23
63 60 1
64 83 28
65 80 19
66 64 30
67 52 42
68 9 23
69 8 23
70 34 6
71 24 20
72 90 8
73 72 18
74 73 46
75 90 20
76 95 13
77 94 20
78 3 5
79 20 58
80 91 6
81 54 56
82 74 46
83 4 34
84 28 43
85 83 53
86 76 46
87 81 15
88 89 3
89 53 45
90 46 37
91 73 42
92 75 39
93 2 4
94 25 43
95 39 11
96 8 23
97 13 18
98 23 55
99 10 48
0 30 41
1 96 3
2 75 14
3 91 47
4 69 20
5 40 4
6 74 14
7 51 31
8 94 24
9 79 18
10 68 31
11 98 30
12 34 16
13 98 22
14 65 9
15 79 5
16 12 18
17 86 57
18 65 19
19 3 20
20 40 45
21 11 56
22 43 8
23 3 27
24 37 3
25 39 51
26 26 38
27 85 27
28 67 13
29 77 36
30 23 20
31 58 55
32 74 38
33 35 31
34 10 44
35 72 2
36 64 38
37 76 3
38 24 31
39 32 6
40 56 20
41 8 8
42 86 36
43 75 36
44 65 29
45 96 43
46 8 40
47 10 48
48 95 43
49 24 3
50 87 14
51 74 31
52 63 2
53 10 19
54 8 5
55 30 6
56 23 14
57 54 42
58 12 31
59 14 24
60 85 21
61 11 54
62 66 21
63 59 3
64 41 28
65 7 12
66 86 4
67 20 10
68 87 14
69 32 37
70 6 14
71 80 32
72 23 43
73 8 48
74 66 14
75 12 17
76 52 36
77 3 54
78 96 11
79 44 22
80 55 57
81 3 22
82 62 57
83 18 1
84 11 42
85 18 4
86 38 7
87 47 57
88 64 45
89 33 38
90 34 23
91 26 12
92 83 34
93 43 45
94 72 15
95 52 7
96 44 2
97 36 17
98 61 16
99 29 15
0 64 55
1 8 28
2 50 46
3 11 41
4 18 20
5 32 4
6 22 3
7 97 1
8 20 57
9 53 13
10 42 22
11 72 57
12 18 34
13 35 22
14 21 58
15 37 19
16 11 26
17 28 8
18 14 19
19 64 16
20 91 44
21 14 42
22 80 26
23 10 22
24 83 31
25 11 40
26 18 28
27 99 35
28 3 2
29 92 43
30 36 47
31 95 56
32 49 16
33 54 39
34 77 39
35 52 37
36 35 43
37 38 40
38 50 37
39 61 43
40 38 55
41 86 5
42 79 42
43 20 30
44 27 27
45 7 43
46 93 52
47 74 55
48 89 51
49 50 14
50 84 14
51 7 39
52 26 57
53 35 39
54 81 7
55 89 32
56 16 21
57 83 34
58 81 12
59 47 23
60 11 21
61 90 3
62 43 21
63 45 38
64 64 41
65 80 4
66 39 18
67 78 28
68 80 44
69 18 57
70 76 16
71 26 41
72 21 4
73 87 2
74 89 16
75 31 30
76 16 44
77 96 10
78 35 28
79 17 39
80 25 22
81 17 40
82 61 21
83 49 21
84 57 22
85 51 28
86 32 56
87 24 45
88 41 7
89 82 10
90 4 14
91 3 28
92 9 12
93 13 35
94 82 11
95 17 55
96 78 39
97 93 27
98 39 25
99 22 27
0 80 26
1 93 42
2 93 13
3 66 29
4 59 43
5 11 27
6 37 5
7 6 32
8 37 38
9 7 32
10 21 16
11 22 4
12 35 17
13 96 38
14 38 26
15 37 40
16 96 10
17 29 24
18 19 30
19 20 16
20 10 33
21 48 43
22 52 42
23 33 44
24 69 21
25 60 55
26 4 42
27 11 4
28 63 23
29 56 14
30 54 30
31 77 50
32 61 56
33 58 42
34 26 22
35 61 42
36 76 15
37 94 28
38 70 19
39 11 53
40 32 5
41 8 36
42 98 56
43 88 21
44 17 17
45 33 23
46 20 7
47 29 25
48 96 50
49 58 36
50 15 41
51 9 27
52 67 21
53 67 29
54 71 17
55 86 43
56 9 24
57 35 3
58 78 47
59 93 48
60 69 16
61 42 21
62 15 42
63 60 16
64 9 10
65 91 11
66 45 1
67 27 22
68 30 38
69 45 20
70 38 17
71 75 42
72 50 56
73 37 16
74 94 8
75 94 16
76 36 40
77 74 13
78 11 41
79 80 32
80 60 46
81 5 26
82 27 5
83 96 14
84 36 56
85 52 20
86 70 2
87 53 23
88 65 23
89 2 48
90 18 17
91 11 40
92 11 15
93 51 3
94 10 56
95 59 22
96 57 14
97 82 57
98 36 45
99 75 50
0 29 19
1 88 8
2 97 35
3 77 17
4 34 22
5 48 41
6 14 30
7 92 7
8 86 55
9 64 16
10 98 40
11 77 44
12 67 42
13 42 43
14 61 2
15 55 41
16 8 9
17 33 3
18 25 10
19 86 32
20 87 53
21 29 24
22 94 16
23 57 10
24 29 28
25 34 15
26 68 31
27 97 40
28 18 14
29 57 21
30 88 33
31 84 31
32 33 28
33 49 14
34 94 48
35 74 52
36 12 56
37 40 22
38 30 57
39 37 53
40 95 40
41 42 40
42 30 40
43 86 26
44 38 27
45 56 41
46 57 12
47 65 37
48 57 44
49 27 20
50 53 13
51 32 39
52 17 45
53 76 28
54 81 49
55 67 18
56 65 42
57 92 24
58 38 2
59 33 57
60 55 45
61 7 37
62 18 30
63 42 19
64 82 49
65 44 22
66 51 14
67 41 46
68 35 45
69 11 15
70 6 42
71 71 29
72 89 55
73 21 25
74 82 57
75 2 24
76 16 13
77 3 12
78 19 5
79 93 57
80 54 30
81 24 16
82 51 39
83 92 20
84 23 43
85 49 31
86 64 39
87 15 29
88 70 57
89 55 41
90 46 29
91 56 46
92 90 21
93 34 5
94 23 11
95 54 15
96 91 27
97 42 22
98 5 5
99 97 18
0 66 38
1 27 45
2 91 46
3 86 36
4 5 17
5 78 47
6 95 4
7 18 28
8 96 3
9 26 8
10 41 28
11 6 34
12 96 22
13 83 12
14 96 57
15 25 12
16 95 42
17 5 39
18 18 40
19 85 42
20 88 23
21 93 14
22 90 33
23 3 44
24 23 17
25 55 43
26 20 3
27 44 43
28 56 12
29 14 8
30 4 7
31 80 47
32 64 55
33 79 56
34 81 26
35 96 14
36 74 44
37 17 30
38 29 41
39 94 47
40 37 38
41 35 14
42 14 26
43 21 5
44 54 23
45 5 26
46 4 16
47 15 11
48 19 9
49 91 57
50 77 54
51 61 31
52 18 13
53 79 29
54 17 21
55 78 29
56 75 17
57 35 22
58 75 18
59 62 27
60 50 29
61 13 22
62 94 20
63 87 27
64 91 21
65 89 46
66 73 40
67 12 12
68 30 20
69 27 24
70 72 3
71 64 3
72 85 38
73 46 29
74 29 8
75 6 7
76 51 57
77 30 21
78 49 16
79 64 9
80 51 21
81 29 13
82 22 40
83 89 33
84 18 41
85 9 6
86 90 8
87 86 2
88 68 29
89 30 24
90 50 29
91 28 4
92 12 49
93 91 48
94 28 30
95 81 14
96 40 39
97 34 15
98 90 23
99 84 4
0 64 40
1 39 27
2 34 6
3 30 21
4 64 2
5 82 14
6 38 28
7 17 57
8 6 36
9 7 43
10 12 9
11 53 57
12 19 57
13 11 48
14 90 33
15 74 40
16 33 55
17 43 40
18 11 42
19 35 27
20 93 10
21 56 16
22 15 30
23 12 2
24 93 9
25 15 6
26 23 16
27 17 46
28 68 20
29 60 39
30 2 52
31 67 3
32 87 12
33 44 58
34 96 24
35 83 12
36 27 14
37 9 55
38 18 12
39 73 46
40 44 40
41 21 19
42 25 46
43 8 39
44 28 12
45 11 23
46 91 23
47 50 10
48 89 9
49 51 11
50 28 36
51 52 18
52 12 24
53 88 10
54 62 19
55 85 33
56 5 14
57 2 36
58 79 23
59 8 32
60 24 18
61 59 19
62 56 37
63 84 28
64 33 19
65 4 7
66 38 40
67 8 31
68 49 3
69 4 52
70 4 22
71 18 42
72 29 14
73 23 15
74 34 25
75 4 24
76 19 39
77 91 49
78 17 32
79 17 46
80 93 3
81 92 13
82 93 11
83 29 27
84 22 20
85 63 29
86 12 5
87 12 34
88 72 9
89 25 28
90 97 13
91 18 26
92 37 47
93 80 47
94 35 56
95 58 13
96 66 56
97 14 39
98 11 43
99 16 1
0 74 31
1 26 12
2 30 43
3 44 45
4 18 24
5 75 14
6 24 15
7 33 8
8 27 6
9 41 45
10 48 57
11 25 8
12 27 3
13 32 9
14 8 35
15 76 22
16 19 38
17 49 39
18 16 1
19 35 45
20 83 12
21 14 13
22 42 16
23 23 4
24 98 5
25 75 15
26 48 15
27 39 3
28 18 54
29 18 2
30 53 3
31 90 28
32 89 13
33 81 45
34 87 19
35 28 37
36 18 2
37 52 31
38 32 43
39 26 9
40 17 22
41 17 42
42 55 16
43 20 23
44 97 52
45 7 52
46 94 47
47 24 31
48 4 32
49 96 47
50 80 21
51 11 44
52 10 5
53 10 37
54 11 46
55 91 10
56 77 52
57 91 6
58 39 12
59 96 45
60 17 8
61 24 15
62 42 19
63 45 19
64 30 3
65 17 38
66 71 57
67 94 7
68 55 15
69 24 42
70 20 15
71 86 38
72 64 29
73 15 29
74 36 7
75 83 23
76 16 23
77 56 55
78 72 57
79 16 2
80 40 44
81 52 20
82 24 44
83 86 49
84 88 2
85 21 38
86 96 2
87 32 54
88 78 42
89 80 13
90 70 43
91 80 50
92 25 26
93 98 7
94 94 14
95 2 28
96 44 43
97 96 13
98 90 36
99 62 2
0 37 56
1 96 48
2 49 38
3 98 28
4 14 21
5 69 43
6 49 54
7 78 45
8 43 40
9 12 54
10 91 45
11 47 28
12 5 17
13 14 36
14 3 21
15 23 18
16 45 16
17 98 22
18 54 15
19 72 2
20 3 35
21 75 2
22 98 53
23 79 5
24 58 8
25 47 9
26 19 33
27 92 51
28 66 19
29 98 14
30 38 54
31 33 18
32 12 5
33 11 33
34 44 45
35 99 27
36 64 20
37 78 42
38 75 17
39 20 5
40 39 38
41 16 7
42 2 31
43 41 56
44 85 41
45 46 55
46 63 16
47 49 2
48 74 20
49 86 30
50 94 4
51 56 56
52 63 30
53 77 57
54 24 4
55 77 38
56 3 8
57 12 37
58 9 31
59 39 26
60 38 49
61 74 28
62 53 43
63 46 56
64 91 6
65 84 34
66 31 23
67 32 26
68 25 19
69 31 41
70 37 30
71 61 58
72 98 46
73 89 8
74 33 56
75 61 31
76 26 6
77 26 15
78 93 33
79 31 23
80 25 44
81 36 37
82 39 23
83 41 20
84 44 37
85 16 26
86 46 3
87 89 43
88 32 8
89 94 35
90 16 14
91 32 57
92 97 8
93 61 2
94 76 55
95 75 13
96 84 36
97 19 21
98 20 39
99 38 56
0 80 7
1 56 15
2 30 57
3 51 55
4 58 20
5 90 56
6 42 29
7 29 24
8 47 13
9 89 7
10 83 50
11 34 2
12 26 43
13 39 18
14 73 21
15 39 22
16 57 43
17 20 22
18 20 11
19 4 51
20 46 2
21 30 23
22 92 51
23 27 9
24 21 24
25 5 46
26 11 20
27 12 5
28 82 14
29 40 3
30 42 3
31 4 19
32 94 17
33 70 2
34 53 16
35 68 38
36 61 56
37 8 43
38 72 7
39 37 13
40 8 52
41 33 58
42 66 13
43 67 38
44 70 18
45 8 34
46 4 6
47 98 6
48 76 2
49 85 16
50 20 57
51 15 3
52 8 39
53 87 50
54 85 12
55 50 10
56 9 41
57 40 31
58 26 14
59 57 55
60 6 35
61 63 16
62 89 17
63 89 53
64 63 17
65 96 32
66 70 31
67 54 17
68 73 20
69 49 38
70 24 27
71 58 16
72 80 38
73 9 40
74 54 54
75 50 56
76 20 18
77 87 2
78 23 3
79 94 19
80 6 17
81 89 3
82 49 21
83 34 57
84 67 54
85 78 31
86 3 9
87 73 38
88 97 9
89 35 20
90 20 36
91 74 42
92 14 37
93 9 53
94 55 38
95 6 56
96 62 27
97 12 13
98 58 15
99 90 47
0 82 52
1 73 41
2 82 8
3 27 31
4 81 24
5 9 4
6 75 30
7 18 42
8 18 5
9 16 35
10 25 6
11 5 21
12 81 38
13 90 26
14 66 20
15 22 33
16 56 3
17 87 28
18 94 15
19 35 12
20 76 50
21 6 49
22 15 55
23 63 30
24 2 44
25 94 35
26 67 28
27 84 16
28 78 46
29 23 41
30 54 9
31 29 41
32 29 26
33 23 16
34 88 17
35 4 52
36 6 19
37 10 47
38 81 39
39 6 23
40 24 26
41 2 42
42 29 44
43 67 8
44 68 15
45 22 11
46 21 41
47 55 17
48 23 38
49 88 57
50 34 28
51 72 31
52 4 48
53 96 23
54 28 6
55 39 37
56 65 3
57 80 33
58 52 54
59 73 50
60 30 18
61 15 5
62 4 35
63 61 44
64 30 19
65 31 54
66 20 40
67 34 39
68 45 43
69 42 21
70 53 8
71 75 14
72 94 9
73 72 54
74 91 21
75 8 21
76 80 7
77 65 7
78 47 39
79 48 43
80 93 6
81 93 12
82 44 19
83 79 55
84 82 35
85 38 24
86 89 33
87 87 38
88 57 2
89 55 29
90 20 30
91 17 20
92 9 33
93 81 11
94 94 10
95 65 55
96 9 6
97 90 49
98 45 37
99 97 49
0 85 15
1 61 43
2 47 8
3 25 22
4 66 40
5 79 27
6 51 44
7 93 44
8 14 34
9 16 27
10 4 32
11 17 39
12 60 38
13 14 54
14 26 36
15 94 17
16 86 20
17 22 13
18 80 56
19 73 22
20 48 41
21 30 29
22 27 43
23 68 18
24 20 40
25 43 54
26 63 16
27 68 44
28 26 44
29 8 54
30 43 38
31 74 3
32 10 39
33 91 43
34 94 24
35 73 22
36 62 16
37 96 14
38 58 13
39 72 48
40 36 41
41 67 44
42 69 30
43 75 21
44 97 41
45 37 12
46 58 40
47 18 6
48 2 21
49 67 38
50 73 29
51 32 9
52 97 12
53 8 16
54 29 27
55 5 52
56 11 13
57 94 42
58 85 39
59 67 58
60 45 39
61 57 20
62 43 2
63 37 22
64 63 9
65 26 27
66 32 45
67 35 22
68 22 40
69 56 2
70 6 16
71 84 23
72 24 45
73 17 46
74 13 45
75 83 30
76 62 2
77 84 29
78 21 37
79 91 23
80 27 12
81 84 10
82 77 31
83 86 22
84 88 24
85 28 3
86 26 17
87 83 38
88 85 44
89 26 57
90 51 37
91 35 28
92 13 20
93 9 39
94 38 52
95 64 27
96 31 12
97 2 40
98 74 53
99 77 51
0 98 41
1 91 13
2 74 19
3 37 31
4 85 2
5 10 10
6 61 8
7 40 4
8 8 39
9 40 43
10 10 28
11 3 52
12 55 55
13 17 4
14 66 17
15 73 21
16 19 7
17 11 34
18 84 3
19 81 53
20 96 34
21 25 39
22 51 22
23 72 55
24 4 22
25 94 18
26 10 24
27 36 31
28 65 2
29 30 20
30 90 27
31 27 43
32 75 30
33 12 44
34 85 19
35 84 32
36 24 56
37 86 26
38 15 37
39 63 38
40 73 16
41 90 8
42 96 30
43 85 13
44 84 12
45 79 48
46 18 33
47 10 17
48 17 25
49 4 36
50 61 13
51 4 4
52 80 19
53 3 37
54 81 2
55 97 41
56 27 55
57 25 25
58 23 18
59 90 56
60 19 45
61 58 44
62 75 42
63 47 20
64 82 33
65 22 7
66 14 56
67 45 30
68 90 32
69 87 36
70 24 13
71 91 46
72 68 42
73 36 43
74 15 3
75 57 55
76 38 36
77 60 37
78 65 15
79 13 6
80 6 17
81 98 26
82 90 9
83 3 37
84 23 8
85 20 10
86 14 20
87 98 4
88 39 36
89 14 39
90 8 2
91 32 25
92 30 27
93 83 44
94 61 46
95 20 5
96 97 53
97 73 44
98 71 37
99 14 27
0 38 23
1 74 47
2 94 19
3 93 11
4 66 36
5 10 21
6 14 8
7 18 15
8 96 3
9 83 20
10 3 19
11 3 18
12 65 46
13 74 28
14 3 56
15 88 55
16 37 38
17 15 18
18 6 58
19 18 17
20 63 2
21 42 3
22 55 42
23 59 29
24 2 47
25 7 33
26 15 33
27 36 42
28 70 21
29 59 14
30 4 15
31 29 45
32 16 5
33 38 31
34 92 56
35 23 39
36 21 56
37 6 7
38 78 55
39 18 57
40 18 26
41 80 17
42 19 18
43 94 17
44 96 45
45 49 17
46 15 15
47 14 27
48 78 36
49 49 16
50 78 43
51 42 37
52 21 18
53 90 30
54 15 9
55 29 11
56 42 8
57 56 42
58 99 54
59 79 29
60 46 57
61 38 11
62 61 20
63 15 3
64 17 41
65 84 19
66 47 41
67 19 40
68 18 23
69 37 39
70 48 40
71 95 51
72 65 57
73 30 2
74 32 13
75 62 44
76 9 19
77 31 25
78 36 16
79 84 55
80 19 40
81 32 4
82 3 32
83 31 3
84 8 34
85 32 42
86 75 14
87 45 41
88 46 28
89 89 10
90 83 16
91 4 26
92 3 18
93 94 35
94 7 29
95 32 4
96 45 56
97 41 16
98 47 43
99 43 21
0 94 55
1 46 28
2 89 16
3 90 56
4 6 30
5 94 26
6 88 42
7 88 48
8 95 54
9 53 2
10 39 45
11 9 37
12 16 7
13 44 22
14 25 40
15 24 39
16 11 11
17 36 54
18 92 23
19 13 37
20 22 6
21 60 40
22 80 8
23 65 22
24 66 18
25 4 37
26 90 27
27 12 16
28 71 54
29 50 16
30 39 37
31 3 51
32 42 43
33 58 55
34 95 47
35 93 18
36 52 21
37 98 34
38 3 11
39 77 18
40 88 37
41 53 57
42 16 57
43 8 41
44 28 23
45 74 39
46 57 23
47 81 32
48 48 36
49 79 48
50 55 15
51 51 40
52 80 31
53 8 21
54 51 9
55 74 50
56 9 3
57 32 36
58 80 11
59 78 56
60 3 52
61 66 46
62 10 48
63 81 38
64 48 42
65 93 40
66 74 56
67 17 10
68 74 18
69 89 10
70 85 28
71 91 55
72 4 11
73 85 27
74 96 39
75 2 34
76 23 11
77 7 7
78 24 12
79 17 45
80 90 56
81 88 23
82 44 30
83 3 30
84 39 45
85 22 39
86 33 23
87 96 48
88 68 18
89 15 33
90 84 46
91 23 13
92 74 23
93 44 39
94 37 50
95 15 12
96 26 22
97 79 48
98 31 19
99 37 40
0 80 2
1 29 46
2 76 38
3 83 13
4 81 19
5 22 20
6 95 45
7 92 28
8 39 26
9 84 57
10 33 18
11 12 24
12 81 24
13 82 48
14 45 57
15 27 16
16 30 30
17 87 23
18 62 8
19 83 48
20 18 1
21 82 55
22 96 5
23 19 23
24 68 37
25 41 56
26 82 36
27 14 3
28 71 45
29 26 56
30 42 43
31 39 47
32 53 45
33 96 24
34 40 4
35 44 9
36 68 44
37 2 48
38 67 37
39 10 16
40 88 49
41 29 56
42 43 41
43 93 18
44 45 45
45 38 40
46 61 31
47 96 20
48 38 8
49 61 40
50 55 14
51 81 9
52 15 38
53 90 17
54 4 32
55 94 18
56 32 15
57 57 13
58 17 21
59 79 4
60 89 11
61 13 10
62 39 53
63 57 57
64 84 33
65 37 57
66 56 8
67 77 22
68 37 47
69 97 43
70 71 38
71 85 41
72 98 41
73 9 21
74 55 3
75 42 31
76 60 7
77 90 36
78 82 54
79 55 14
80 7 18
81 11 9
82 16 21
83 19 57
84 6 24
85 20 56
86 14 17
87 3 39
88 58 12
89 33 39
90 90 43
91 36 20
92 2 46
93 73 39
94 23 20
95 79 23
96 27 38
97 46 28
98 77 45
99 71 29
0 56 15
1 66 28
2 90 15
3 64 57
4 94 52
5 76 17
6 7 30
7 51 1
8 65 54
9 20 28
10 36 15
11 2 15
12 48 37
13 37 37
14 19 15
15 87 7
16 84 36
17 3 30
18 8 44
19 17 44
20 5 15
21 42 31
22 19 10
23 81 6
24 20 16
25 75 29
26 85 29
27 44 55
28 57 1
29 18 19
30 83 26
31 44 16
32 72 48
33 25 41
34 38 16
35 87 43
36 86 2
37 84 46
38 23 43
39 82 56
40 28 18
41 51 3
42 15 14
43 4 57
44 92 40
45 21 26
46 12 5
47 17 18
48 39 2
49 37 52
50 91 8
51 71 17
52 30 26
53 10 17
54 69 20
55 53 41
56 27 45
57 76 51
58 2 38
59 12 46
60 75 15
61 25 9
62 60 7
63 39 7
64 71 50
65 86 22
66 3 48
67 32 54
68 13 14
69 84 37
70 82 52
71 3 31
72 37 39
73 52 8
74 5 30
75 66 21
76 3 35
77 4 37
78 50 40
79 74 37
80 77 30
81 28 45
82 45 54
83 74 2
84 74 9
85 15 17
86 5 42
87 19 56
88 51 12
89 29 24
90 31 45
91 36 24
92 89 33
93 81 54
94 53 30
95 80 26
96 98 18
97 13 21
98 56 21
99 74 31
0 85 3
1 98 17
2 81 9
3 69 41
4 87 22
5 98 39
6 45 8
7 24 2
8 35 19
9 88 46
10 29 38
11 82 50
12 44 38
13 98 35
14 88 53
15 38 45
16 86 53
17 24 38
18 55 43
19 18 6
20 38 7
21 16 32
22 38 29
23 35 40
24 49 29
25 8 3
26 22 12
27 60 46
28 88 25
29 86 32
30 86 22
31 2 28
32 89 49
33 37 30
34 51 15
35 71 17
36 23 14
37 8 20
38 26 19
39 20 31
40 91 13
41 80 2
42 15 25
43 77 51
44 98 36
45 56 20
46 6 40
47 82 29
48 77 3
49 6 28
50 98 35
51 95 9
52 35 6
53 58 8
54 75 48
55 92 34
56 14 12
57 49 2
58 3 24
59 78 37
60 34 36
61 75 46
62 30 10
63 41 28
64 65 21
65 20 22
66 53 44
67 21 35
68 76 44
69 92 9
70 22 11
71 29 1
72 57 10
73 24 37
74 12 52
75 3 43
76 76 57
77 4 35
78 9 17
79 83 3
80 39 7
81 14 54
82 80 12
83 13 11
84 30 4
85 5 3
86 85 44
87 72 15
88 90 7
89 17 14
90 74 52
91 53 41
92 92 6
93 93 5
94 62 14
95 12 26
96 9 27
97 31 3
98 33 5
99 38 17
0 90 12
1 85 15
2 65 17
3 32 20
4 4 52
5 13 13
6 26 9
7 75 51
8 42 44
9 24 24
10 97 55
11 12 52
12 75 21
13 41 8
14 87 6
15 19 23
16 91 13
17 72 50
18 79 39
19 8 17
20 75 7
21 94 34
22 68 2
23 86 12
24 39 39
25 31 16
26 56 38
27 38 10
28 39 18
29 90 42
30 87 25
31 58 29
32 16 1
33 48 41
34 80 51
35 6 52
36 7 55
37 89 3
38 64 44
39 23 42
40 62 28
41 48 42
42 32 37
43 88 49
44 5 49
45 10 41
46 5 17
47 91 4
48 14 35
49 13 57
50 83 20
51 66 41
52 5 32
53 52 22
54 72 55
55 23 15
56 96 38
57 81 35
58 7 23
59 64 57
60 71 20
61 37 50
62 23 28
63 86 20
64 25 36
65 76 21
66 69 16
67 16 31
68 88 24
69 39 4
70 16 18
71 4 54
72 88 44
73 74 56
74 52 44
75 93 38
76 42 40
77 16 7
78 51 42
79 39 19
80 30 6
81 93 8
82 18 4
83 33 38
84 46 29
85 94 1
86 82 55
87 12 12
88 13 36
89 99 21
90 52 11
91 54 57
92 71 16
93 78 39
94 42 18
95 92 53
96 25 7
97 5 34
98 14 27
99 7 29
0 24 37
1 65 45
2 80 26
3 24 24
4 41 43
5 14 16
6 3 8
7 63 29
8 61 20
9 3 49
10 97 47
11 7 25
12 7 56
13 12 53
14 40 9
15 51 28
16 63 54
17 62 7
18 55 39
19 71 30
20 7 27
21 10 48
22 27 29
23 11 42
24 4 31
25 83 48
26 78 39
27 47 37
28 22 25
29 40 11
30 81 12
31 15 7
32 6 56
33 25 37
34 92 31
35 78 43
36 65 54
37 51 39
38 61 16
39 27 17
40 57 30
41 45 8
42 8 42
43 91 30
44 9 3
45 74 53
46 9 2
47 70 56
48 14 1
49 8 40
50 72 29
51 19 28
52 11 32
53 25 3
54 60 16
55 31 9
56 35 54
57 38 55
58 24 44
59 77 21
60 91 7
61 27 57
62 91 27
63 94 6
64 79 38
65 90 4
66 74 48
67 11 32
68 72 41
69 16 9
70 79 50
71 8 17
72 17 16
73 36 37
74 12 45
75 53 18
76 7 30
77 4 47
78 24 16
79 19 31
80 71 31
81 38 45
82 7 4
83 4 10
84 91 48
85 61 19
86 88 17
87 36 43
88 97 16
89 71 7
90 98 10
91 42 21
92 82 6
93 5 37
94 37 26
95 6 42
96 92 39
97 7 19
98 98 19
99 86 23
0 27 27
1 16 14
2 39 40
3 11 41
4 7 48
5 8 29
6 80 5
7 29 22
8 48 21
9 49 20
10 21 56
11 91 55
12 12 11
13 22 2
14 39 7
15 13 3
16 81 20
17 23 22
18 47 45
19 94 37
20 37 28
21 84 56
22 37 1
23 15 34
24 19 36
25 94 28
26 96 20
27 44 18
28 13 45
29 70 39
30 19 42
31 86 18
32 10 53
33 27 26
34 35 4
35 11 43
36 20 57
37 96 8
38 97 12
39 95 21
40 25 27
41 13 10
42 88 19
43 77 37
44 30 13
45 90 23
46 94 40
47 25 31
48 63 46
49 82 29
50 9 13
51 24 19
52 68 27
53 55 14
54 93 55
55 25 7
56 59 40
57 91 17
58 82 24
59 45 30
60 5 57
61 88 12
62 98 49
63 14 54
64 19 38
65 37 54
66 71 39
67 67 38
68 82 3
69 94 52
70 61 3
71 74 30
72 69 3
73 50 20
74 82 13
75 71 15
76 91 44
77 83 52
78 37 46
79 53 36
80 33 23
81 77 2
82 6 56
83 9 54
84 51 16
85 39 53
86 79 3
87 94 57
88 41 14
89 85 26
90 69 30
91 51 13
92 78 38
93 66 22
94 31 8
95 40 18
96 5 19
97 21 46
98 6 57
99 94 22
0 33 41
1 66 2
2 15 55
3 66 44
4 17 22
5 7 11
6 3 3
7 10 13
8 39 4
9 12 50
10 89 46
11 46 28
12 77 54
13 25 45
14 12 22
15 70 11
16 17 41
17 7 24
18 6 11
19 10 55
20 84 53
21 37 40
22 12 10
23 37 31
24 38 8
25 59 18
26 12 51
27 91 27
28 95 10
29 39 51
30 98 50
31 73 50
32 10 54
33 57 46
34 6 38
35 65 18
36 7 57
37 38 41
38 76 29
39 36 5
40 86 35
41 21 21
42 56 31
43 39 29
44 9 13
45 41 57
46 26 40
47 92 54
48 32 22
49 82 50
50 13 49
51 35 18
52 5 34
53 25 2
54 73 53
55 26 41
56 15 19
57 61 45
58 26 13
59 94 28
60 56 39
61 20 7
62 59 21
63 31 36
64 16 55
65 62 3
66 93 55
67 50 55
68 34 43
69 84 27
70 60 2
71 18 21
72 95 48
73 18 33
74 30 54
75 93 4
76 85 31
77 4 36
78 54 57
79 90 57
80 14 29
81 3 48
82 26 18
83 31 8
84 9 52
85 95 14
86 8 48
87 52 15
88 93 2
89 24 5
90 25 41
91 17 41
92 93 11
93 3 8
94 47 20
95 54 7
96 36 11
97 41 17
98 31 5
99 70 56
0 81 43
1 91 6
2 86 19
3 71 37
4 61 39
5 46 16
6 70 40
7 10 15
8 10 51
9 51 40
10 98 14
11 51 22
12 56 31
13 94 31
14 20 29
15 4 26
16 87 43
17 86 22
18 65 41
19 98 44
20 19 27
21 92 27
22 90 29
23 29 37
24 90 34
25 77 50
26 19 42
27 28 43
28 30 11
29 79 46
30 69 41
31 28 56
32 89 54
33 26 6
34 4 36
35 83 34
36 25 19
37 73 19
38 81 48
39 70 14
40 58 2
41 12 7
42 39 37
43 94 34
44 93 38
45 28 12
46 4 5
47 48 23
48 97 32
49 64 45
50 11 14
51 93 4
52 19 17
53 42 43
54 24 40
55 75 50
56 19 38
57 4 28
58 96 38
59 79 47
60 38 19
61 71 21
62 23 45
63 28 15
64 91 27
65 7 23
66 2 48
67 25 45
68 54 42
69 65 41
70 92 4
71 79 43
72 23 46
73 85 40
74 19 20
75 35 28
76 37 52
77 81 25
78 56 54
79 4 28
80 20 16
81 58 11
82 32 31
83 77 30
84 2 55
85 76 16
86 37 24
87 98 35
88 16 42
89 97 6
90 88 26
91 21 6
92 11 27
93 46 17
94 49 19
95 34 56
96 8 40
97 10 14
98 86 44
99 20 26
0 54 55
1 93 48
2 2 15
3 38 44
4 88 31
5 35 37
6 94 17
7 85 27
8 24 6
9 80 15
10 56 56
11 74 20
12 9 22
13 87 29
14 90 52
15 39 20
16 75 44
17 30 19
18 84 57
19 19 30
20 82 24
21 23 25
22 84 37
23 12 55
24 12 41
25 33 57
26 4 53
27 90 26
28 85 13
29 97 40
30 50 55
31 12 10
32 88 30
33 33 12
34 37 57
35 33 8
36 51 45
37 32 16
38 19 33
39 79 53
40 82 29
41 20 30
42 43 16
43 64 55
44 28 4
45 70 12
46 4 18
47 38 48
48 38 29
49 87 17
50 20 22
51 39 56
52 43 42
53 4 3
54 90 53
55 10 28
56 64 3
57 22 45
58 90 56
59 17 15
60 35 29
61 76 51
62 80 23
63 17 6
64 11 5
65 18 22
66 42 13
67 6 52
68 64 39
69 5 45
70 71 45
71 35 13
72 75 21
73 35 6
74 29 9
75 91 25
76 46 16
77 38 25
78 28 18
79 94 44
80 96 42
81 53 42
82 38 43
83 38 29
84 98 44
85 70 39
86 12 1
87 6 46
88 85 29
89 4 56
90 18 6
91 84 3
92 5 48
93 91 29
94 44 8
95 96 55
96 54 54
97 4 19
98 97 46
99 12 33
0 28 10
1 98 39
2 19 44
3 54 29
4 29 43
5 80 56
6 75 57
7 52 3
8 14 22
9 4 17
10 94 48
11 23 10
12 36 4
13 39 37
14 31 38
15 91 46
16 30 18
17 41 39
18 96 39
19 12 46
20 44 37
21 50 44
22 73 50
23 71 29
24 66 18
25 75 2
26 24 25
27 24 14
28 77 20
29 23 18
30 34 46
31 85 29
32 22 57
33 49 37
34 88 4
35 86 42
36 87 34
37 80 3
38 16 44
39 70 1
40 15 20
41 88 38
42 36 10
43 8 22
44 41 17
45 11 46
46 61 16
47 84 36
48 40 29
49 72 56
50 21 26
51 69 11
52 72 42
53 24 20
54 21 39
55 87 5
56 97 21
57 33 10
58 32 18
59 66 42
60 31 26
61 19 10
62 65 17
63 5 25
64 71 44
65 70 19
66 4 13
67 10 22
68 80 22
69 83 2
70 77 22
71 32 43
72 74 40
73 85 32
74 11 12
75 42 57
76 69 23
77 84 25
78 56 36
79 54 55
80 78 23
81 17 6
82 14 7
83 51 11
84 97 26
85 41 44
86 76 15
87 76 47
88 79 55
89 49 31
90 80 33
91 40 23
92 96 41
93 76 50
94 85 50
95 41 29
96 92 14
97 57 7
98 91 55
99 60 37
0 30 9
1 2 20
2 82 22
3 30 46
4 78 54
5 87 34
6 3 45
7 49 20
8 29 3
9 30 25
10 33 17
11 93 26
12 78 30
13 19 23
14 86 37
15 11 2
16 14 14
17 95 51
18 79 48
19 89 11
20 11 26
21 9 26
22 93 33
23 23 12
24 44 19
25 90 26
26 31 41
27 21 33
28 79 33
29 20 38
30 34 14
31 36 41
32 48 2
33 26 37
34 74 31
35 27 55
36 89 15
37 97 22
38 6 18
39 48 17
40 11 49
41 52 36
42 23 43
43 46 23
44 68 3
45 2 22
46 88 24
47 58 15
48 61 18
49 3 17
50 59 23
51 44 43
52 84 43
53 53 58
54 18 57
55 98 8
56 27 27
57 74 41
58 12 40
59 94 5
60 6 22
61 18 55
62 90 45
63 52 23
64 93 35
65 88 21
66 10 21
67 98 47
68 38 44
69 76 40
70 28 9
71 50 37
72 92 19
73 9 54
74 21 5
75 62 20
76 9 19
77 87 29
78 8 36
79 55 36
80 3 45
81 93 3
82 7 23
83 79 34
84 22 4
85 23 22
86 50 41
87 12 30
88 16 9
89 13 25
90 84 36
91 9 29
92 65 22
93 11 24
94 35 56
95 36 1
96 63 45
97 72 20
98 75 49
99 20 35
0 25 4
1 94 2
2 90 16
3 92 22
4 4 55
5 16 19
6 8 43
7 11 15
8 12 49
9 89 22
10 75 52
11 21 39
12 2 25
13 30 19
14 87 18
15 99 29
16 30 42
17 30 3
18 88 4
19 9 51
20 86 28
21 23 39
22 29 23
23 80 53
24 50 9
25 90 22
26 90 54
27 38 56
28 26 42
29 84 44
30 22 31
31 15 45
32 79 45
33 21 46
34 55 14
35 45 42
36 11 12
37 40 1
38 17 2
39 91 4
40 30 22
41 11 54
42 22 43
43 5 48
44 39 15
45 94 5
46 18 21
47 6 1
48 55 7
49 81 25
50 71 52
51 96 33
52 66 9
53 90 19
54 12 28
55 33 16
56 93 42
57 91 23
58 69 14
59 70 28
60 58 14
61 3 44
62 9 18
63 14 3
64 81 37
65 18 30
66 26 44
67 48 46
68 56 30
69 41 45
70 86 52
71 59 56
72 29 42
73 2 38
74 53 45
75 14 2
76 66 42
77 70 13
78 18 2
79 93 48
80 12 37
81 80 55
82 14 26
83 96 44
84 3 16
85 55 56
86 97 5
87 97 2
88 76 22
89 62 17
90 68 28
91 82 35
92 7 7
93 19 45
94 16 37
95 8 42
96 87 21
97 37 24
98 84 34
99 19 55
0 50 16
1 23 28
2 4 52
3 93 2
4 34 11
5 29 41
6 8 2
7 11 54
8 56 55
9 94 4
10 71 44
11 83 34
12 63 58
13 74 15
14 71 22
15 65 16
16 53 14
17 7 26
18 63 17
19 88 35
20 76 43
21 73 44
22 42 14
23 92 50
24 20 36
25 80 50
26 36 37
27 6 1
28 58 19
29 95 15
30 23 55
31 89 35
32 10 42
33 87 48
34 19 36
35 65 55
36 79 33
37 54 38
38 90 48
39 93 30
40 45 41
41 42 38
42 36 9
43 17 41
44 45 54
45 91 30
46 64 58
47 28 9
48 31 2
49 58 17
50 78 43
51 8 44
52 40 6
53 93 58
54 38 38
55 53 40
56 37 52
57 84 18
58 52 41
59 62 14
60 52 31
61 70 39
62 23 46
63 36 17
64 83 30
65 20 27
66 3 14
67 69 10
68 82 9
69 4 7
70 76 39
71 83 49
72 44 43
73 39 47
74 81 34
75 7 40
76 87 22
77 79 35
78 75 49
79 19 23
80 80 52
81 16 37
82 90 13
83 80 58
84 10 37
85 82 51
86 40 41
87 66 29
88 71 13
89 28 26
90 70 43
91 14 43
92 50 10
93 13 35
94 18 5
95 88 40
96 48 7
97 60 19
98 76 47
99 34 15
0 97 24
1 21 30
2 26 7
3 16 14
4 17 22
5 42 40
6 84 55
7 25 45
8 44 19
9 10 45
10 74 15
11 97 14
12 14 25
13 35 26
14 11 15
15 7 6
16 16 19
17 33 56
18 78 37
19 23 31
20 94 23
21 28 22
22 46 19
23 93 32
24 45 2
25 6 23
26 13 17
27 88 8
28 37 42
29 27 9
30 71 21
31 69 13
32 47 40
33 78 28
34 16 24
35 39 7
36 84 14
37 55 22
38 47 54
39 53 31
40 26 13
41 85 11
42 93 44
43 13 38
44 30 36
45 66 3
46 34 42
47 71 57
48 29 2
49 2 22
50 92 30
51 29 25
52 77 46
53 5 51
54 30 3
55 78 49
56 18 18
57 41 19
58 25 1
59 35 6
60 24 27
61 95 21
62 33 17
63 52 11
64 79 51
65 69 41
66 15 17
67 16 7
68 69 9
69 89 13
70 48 38
71 37 19
72 71 22
73 25 25
74 76 58
75 29 3
76 26 29
77 21 43
78 99 2
79 54 30
80 59 11
81 92 31
82 72 2
83 26 2
84 25 26
85 26 4
86 96 51
87 93 44
88 72 22
89 93 51
90 89 49
91 71 52
92 59 16
93 35 10
94 11 6
95 84 10
96 38 53
97 74 21
98 57 16
99 14 3
0 13 34
1 5 54
2 78 21
3 21 57
4 53 21
5 84 22
6 48 2
7 12 53
8 17 10
9 21 4
10 5 25
11 52 20
12 47 37
13 34 27
14 76 20
15 8 7
16 11 29
17 18 16
18 84 51
19 56 55
20 6 9
21 56 43
22 31 46
23 41 23
24 95 54
25 25 54
26 11 34
27 9 46
28 97 17
29 11 48
30 81 50
31 72 52
32 22 44
33 21 16
34 39 51
35 34 12
36 90 38
37 74 54
38 96 7
39 26 46
40 53 56
41 53 31
42 36 12
43 13 34
44 26 3
45 56 31
46 42 40
47 35 31
48 83 45
49 89 34
50 21 29
51 28 57
52 24 20
53 5 21
54 96 23
55 49 17
56 57 18
57 60 2
58 97 9
59 12 35
60 74 52
61 21 2
62 6 28
63 96 40
64 40 17
65 91 21
66 89 51
67 58 57
68 66 18
69 9 57
70 82 45
71 49 17
72 88 31
73 85 2
74 36 52
75 88 34
76 84 33
77 98 33
78 91 12
79 86 23
80 36 12
81 37 41
82 37 22
83 20 30
84 89 7
85 85 47
86 93 47
87 68 22
88 39 49
89 89 57
90 68 2
91 84 43
92 41 2
93 72 29
94 24 27
95 78 19
96 39 54
97 77 21
98 67 18
99 35 14
0 83 20
1 2 9
2 25 29
3 48 55
4 33 10
5 61 23
6 61 30
7 29 43
8 8 2
9 57 41
10 24 12
11 88 14
12 97 25
13 7 36
14 6 43
15 90 30
16 86 26
17 97 36
18 33 56
19 74 19
20 13 35
21 3 56
22 22 8
23 30 37
24 73 28
25 91 35
26 38 56
27 34 23
28 71 56
29 35 18
30 54 37
31 85 20
32 7 25
33 85 11
34 34 17
35 91 36
36 12 35
37 8 45
38 81 21
39 21 36
40 43 30
41 82 32
42 48 46
43 58 57
44 97 13
45 98 36
46 78 30
47 23 38
48 78 15
49 13 28
50 94 1
51 37 48
52 43 28
53 68 9
54 11 28
55 81 57
56 36 42
57 76 28
58 16 22
59 61 41
60 24 44
61 88 4
62 17 5
63 63 16
64 33 15
65 62 20
66 81 50
67 38 47
68 45 12
69 66 16
70 26 26
71 71 42
72 4 48
73 20 18
74 48 42
75 32 4
76 16 55
77 7 17
78 90 41
79 85 11
80 59 45
81 79 42
82 50 3
83 26 18
84 73 51
85 60 30
86 8 17
87 14 37
88 82 4
89 67 41
90 70 21
91 95 47
92 38 43
93 14 24
94 19 7
95 34 2
96 83 44
97 37 57
98 83 49
99 78 56
0 34 16
1 18 20
2 14 41
3 27 9
4 22 38
5 28 26
6 80 13
7 65 36
8 14 43
9 90 55
10 55 45
11 9 31
12 8 39
13 95 48
14 83 52
15 91 33
16 19 23
17 17 13
18 10 14
19 94 27
20 76 54
21 94 36
22 8 19
23 64 40
24 18 4
25 95 25
26 65 41
27 73 48
28 37 24
29 22 34
30 86 47
31 75 41
32 65 55
33 91 31
34 97 49
35 17 36
36 8 3
37 6 5
38 25 16
39 4 44
40 2 2
41 30 5
42 63 21
43 75 41
44 79 54
45 97 17
46 41 18
47 28 20
48 12 28
49 20 31
50 37 47
51 78 23
52 23 11
53 31 11
54 37 9
55 65 14
56 12 36
57 84 48
58 25 7
59 32 5
60 84 27
61 17 55
62 73 45
63 21 24
64 9 29
65 90 39
66 95 5
67 44 31
68 39 43
69 16 19
70 98 21
71 35 44
72 57 22
73 14 43
74 95 29
75 66 20
76 97 4
77 77 46
78 33 41
79 85 31
80 21 21
81 92 31
82 39 57
83 32 31
84 93 42
85 18 8
86 39 45
87 60 21
88 11 58
89 68 54
90 13 26
91 98 28
92 92 50
93 90 17
94 87 54
95 13 22
96 12 57
97 10 1
98 98 56
99 76 42
0 53 20
1 30 20
2 61 30
3 60 43
4 93 8
5 95 4
6 69 8
7 92 12
8 77 54
9 98 48
10 17 43
11 52 17
12 80 23
13 69 42
14 83 50
15 93 12
16 2 52
17 62 40
18 85 31
19 6 53
20 58 36
21 16 3
22 91 22
23 27 28
24 7 19
25 12 19
26 12 53
27 17 18
28 20 19
29 85 51
30 81 5
31 45 39
32 41 15
33 61 36
34 16 26
35 75 21
36 48 40
37 16 34
38 94 31
39 8 35
40 35 25
41 27 19
42 95 54
43 82 52
44 5 6
45 22 44
46 96 5
47 29 57
48 30 29
49 22 37
50 84 53
51 32 8
52 54 39
53 51 18
54 48 37
55 70 2
56 48 37
57 16 30
58 17 19
59 93 57
60 34 25
61 70 23
62 52 38
63 67 40
64 83 4
65 32 9
66 5 5
67 6 42
68 34 42
69 20 37
70 5 21
71 82 13
72 73 57
73 2 18
74 80 8
75 26 5
76 34 7
77 34 12
78 90 4
79 59 36
80 75 46
81 27 57
82 21 42
83 19 29
84 76 17
85 56 22
86 19 31
87 53 55
88 45 56
89 72 52
90 48 54
91 91 23
92 78 19
93 17 34
94 53 9
95 69 22
96 90 42
97 14 13
98 17 10
99 99 28
0 73 47
1 56 31
2 78 41
3 58 45
4 4 48
5 79 46
6 80 52
7 16 57
8 92 3
9 27 56
10 11 35
11 37 51
12 51 56
13 81 20
14 30 23
15 58 15
16 87 44
17 22 57
18 26 12
19 57 42
20 80 52
21 30 7
22 71 11
23 16 14
24 69 40
25 80 18
26 62 36
27 4 25
28 23 29
29 41 44
30 10 56
31 60 22
32 20 19
33 65 40
34 69 14
35 64 14
36 95 31
37 14 8
38 22 13
39 22 35
40 50 7
41 34 44
42 41 28
43 33 4
44 31 12
45 98 53
46 7 18
47 30 56
48 82 51
49 57 29
50 47 41
51 32 44
52 90 36
53 14 54
54 33 2
55 52 19
56 25 15
57 26 38
58 38 44
59 87 43
60 13 26
61 61 43
62 17 11
63 43 45
64 85 27
65 61 21
66 55 3
67 90 2
68 42 29
69 48 15
70 57 36
71 83 37
72 85 4
73 92 8
74 5 40
75 51 15
76 33 3
77 65 2
78 94 14
79 96 55
80 23 30
81 7 55
82 22 41
83 71 11
84 71 49
85 21 42
86 92 29
87 52 7
88 83 23
89 83 19
90 12 51
91 84 51
92 22 6
93 94 3
94 96 40
95 81 31
96 35 25
97 77 43
98 95 34
99 42 57
0 88 2
1 2 14
2 83 36
3 21 6
4 75 19
5 98 19
6 16 19
7 9 21
8 64 20
9 64 31
10 6 18
11 80 52
12 98 30
13 28 3
14 98 6
15 39 22
16 49 45
17 97 35
18 81 29
19 7 15
20 42 54
21 27 23
22 41 8
23 64 2
24 23 27
25 3 48
26 13 34
27 69 54
28 83 36
29 92 12
30 42 54
31 5 38
32 34 23
33 22 30
34 38 42
35 86 43
36 12 48
37 66 7
38 31 10
39 51 14
40 34 39
41 2 27
42 97 8
43 23 14
44 72 30
45 25 14
46 32 36
47 45 19
48 36 45
49 89 10
50 11 32
51 17 43
52 67 31
53 67 41
54 71 44
55 3 3
56 83 34
57 71 22
58 3 57
59 28 14
60 9 35
61 80 52
62 75 52
63 82 2
64 90 23
65 47 38
66 54 44
67 48 18
68 22 43
69 87 56
70 47 30
71 24 26
72 93 23
73 12 38
74 29 39
75 42 56
76 84 49
77 16 18
78 84 18
79 2 40
80 6 26
81 81 54
82 28 27
83 87 3
84 31 38
85 38 16
86 35 6
87 66 15
88 25 39
89 10 5
90 56 28
91 48 17
92 63 57
93 29 22
94 32 18
95 47 23
96 38 4
97 11 8
98 12 41
99 91 46
0 31 4
1 17 16
2 73 18
3 97 28
4 26 54
5 44 2
6 8 26
7 41 44
8 87 20
9 66 44
10 75 29
11 56 45
12 27 41
13 53 57
14 5 50
15 83 22
16 21 16
17 27 56
18 37 37
19 43 55
20 29 3
21 34 9
22 22 14
23 12 2
24 49 30
25 91 30
26 30 26
27 96 36
28 17 37
29 71 12
30 91 25
31 35 41
32 93 26
33 93 44
34 75 14
35 66 21
36 67 45
37 66 40
38 80 12
39 69 10
40 97 29
41 57 40
42 37 57
43 96 16
44 47 40
45 71 48
46 67 38
47 24 56
48 37 46
49 46 18
50 95 54
51 85 50
52 83 25
53 40 10
54 56 54
55 80 1
56 85 39
57 72 21
58 77 36
59 44 19
60 15 32
61 32 6
62 38 4
63 8 4
64 7 51
65 51 17
66 4 24
67 44 39
68 92 2
69 86 37
70 87 47
71 90 30
72 22 20
73 80 46
74 30 45
75 18 4
76 62 40
77 89 26
78 48 3
79 44 30
80 41 43
81 44 56
82 18 23
83 61 15
84 49 7
85 36 19
86 42 15
87 43 44
88 96 41
89 74 50
90 39 9
91 61 19
92 24 56
93 10 13
94 27 21
95 5 49
96 61 28
97 77 45
98 4 31
99 55 29
0 97 26
1 71 23
2 19 6
3 97 47
4 18 16
5 12 52
6 10 52
7 7 56
8 76 21
9 19 56
10 78 29
11 83 10
12 8 53
13 5 55
14 71 23
15 82 2
16 39 17
17 30 38
18 25 46
19 61 3
20 61 31
21 8 56
22 53 21
23 14 30
24 64 12
25 16 43
26 87 22
27 23 40
28 9 34
29 63 56
30 86 15
31 23 6
32 36 21
33 28 19
34 22 54
35 67 38
36 30 15
37 58 46
38 73 37
39 91 36
40 74 44
41 98 10
42 38 44
43 70 40
44 16 7
45 83 13
46 6 42
47 14 22
48 77 52
49 25 31
50 31 25
51 16 25
52 60 30
53 76 46
54 10 57
55 35 42
56 99 35
57 94 22
58 96 25
59 93 13
60 59 21
61 7 40
62 25 17
63 45 43
64 88 3
65 63 14
66 4 24
67 20 17
68 80 5
69 92 6
70 77 52
71 88 48
72 33 15
73 96 40
74 14 32
75 9 20
76 14 54
77 89 18
78 70 43
79 78 45
80 99 53
81 37 14
82 91 17
83 26 25
84 35 5
85 99 17
86 21 12
87 12 39
88 90 39
89 94 38
90 12 52
91 86 6
92 42 20
93 80 12
94 38 49
95 31 21
96 88 23
97 28 18
98 61 39
99 93 27
0 50 23
1 9 34
2 20 20
3 68 38
4 58 18
5 81 55
6 6 3
7 70 14
8 3 16
9 6 46
10 7 4
11 11 11
12 23 5
13 65 20
14 87 36
15 3 10
16 51 37
17 60 45
18 86 46
19 7 19
20 32 26
21 30 42
22 89 24
23 27 46
24 25 54
25 42 17
26 20 14
27 43 20
28 83 37
29 14 54
30 89 47
31 92 3
32 70 29
33 64 13
34 31 41
35 80 46
36 96 10
37 98 44
38 81 6
39 73 23
40 3 36
41 7 9
42 86 32
43 98 40
44 51 28
45 47 13
46 97 49
47 50 9
48 59 3
49 90 40
50 65 28
51 3 28
52 13 24
53 44 54
54 79 19
55 36 21
56 16 14
57 87 33
58 43 42
59 2 48
60 80 29
61 87 35
62 4 53
63 85 3
64 2 45
65 61 37
66 97 50
67 7 56
68 15 24
69 24 55
70 10 22
71 16 5
72 5 7
73 84 57
74 69 44
75 12 35
76 64 13
77 11 38
78 73 42
79 78 15
80 79 21
81 31 15
82 48 42
83 14 46
84 10 10
85 87 7
86 11 14
87 21 21
88 78 39
89 72 57
90 19 15
91 51 12
92 86 33
93 97 11
94 23 14
95 56 23
96 36 45
97 20 7
98 90 22
99 37 16
0 12 5
1 21 44
2 6 19
3 39 11
4 7 44
5 89 9
6 55 44
7 88 1
8 13 44
9 49 30
10 68 15
11 79 12
12 89 43
13 53 58
14 31 2
15 57 55
16 30 6
17 69 16
18 9 19
19 61 43
20 43 14
21 13 34
22 42 56
23 82 46
24 95 43
25 34 13
26 34 16
27 9 34
28 58 18
29 12 38
30 3 49
31 63 21
32 83 27
33 36 14
34 38 31
35 75 17
36 83 20
37 17 19
38 94 17
39 38 11
40 4 52
41 34 31
42 73 21
43 24 39
44 18 31
45 34 22
46 80 36
47 11 38
48 88 38
49 85 56
50 35 25
51 75 53
52 6 32
53 96 23
54 21 42
55 49 20
56 80 36
57 73 2
58 92 56
59 67 55
60 82 39
61 43 45
62 31 19
63 80 11
64 23 2
65 11 52
66 28 26
67 37 22
68 57 15
69 71 43
70 93 33
71 54 9
72 30 19
73 82 56
74 82 45
75 90 53
76 47 21
77 97 25
78 10 32
79 35 3
80 26 23
81 74 2
82 93 55
83 43 1
84 81 26
85 28 39
86 90 20
87 90 7
88 77 40
89 84 18
90 81 4
91 35 22
92 58 10
93 31 21
94 92 31
95 98 13
96 4 17
97 92 3
98 11 36
99 97 30
0 65 45
1 66 14
2 98 39
3 20 10
4 30 12
5 99 29
6 13 4
7 47 31
8 46 56
9 36 37
10 5 34
11 34 22
12 41 39
13 75 30
14 7 23
15 40 10
16 97 15
17 48 44
18 94 16
19 36 55
20 46 9
21 95 18
22 98 20
23 45 17
24 97 40
25 67 55
26 28 28
27 43 57
28 61 57
29 21 8
30 71 30
31 27 44
32 86 19
33 59 15
34 46 56
35 86 29
36 24 42
37 82 2
38 14 6
39 28 41
40 48 39
41 93 39
42 29 9
43 2 20
44 58 14
45 87 31
46 4 29
47 9 26
48 87 21
49 40 44
50 54 23
51 24 29
52 48 7
53 6 44
54 11 46
55 8 45
56 48 41
57 60 18
58 49 45
59 41 40
60 88 25
61 73 21
62 11 29
63 9 43
64 10 35
65 88 27
66 19 18
67 95 20
68 97 29
69 18 22
70 31 7
71 35 13
72 97 6
73 49 14
74 74 31
75 96 19
76 77 45
77 23 7
78 37 45
79 31 13
80 88 51
81 23 14
82 73 41
83 44 1
84 89 2
85 55 31
86 50 46
87 11 42
88 79 51
89 27 38
90 81 26
91 87 19
92 97 3
93 50 57
94 44 8
95 18 37
96 82 26
97 7 25
98 42 2
99 97 1
0 92 48
1 37 8
2 33 13
3 47 56
4 27 20
5 20 43
6 44 17
7 91 12
8 73 49
9 33 6
10 56 22
11 11 43
12 65 18
13 92 8
14 50 43
15 84 19
16 15 39
17 84 36
18 16 7
19 56 31
20 66 16
21 16 31
22 10 54
23 64 18
24 64 31
25 80 4
26 11 57
27 64 3
28 84 28
29 51 1
30 62 3
31 82 20
32 70 9
33 93 15
34 60 18
35 93 29
36 75 2
37 20 34
38 94 41
39 98 54
40 30 39
41 21 8
42 70 39
43 29 1
44 6 15
45 26 26
46 43 20
47 47 55
48 2 6
49 22 26
50 34 29
51 20 20
52 42 3
53 87 24
54 90 39
55 85 34
56 21 28
57 39 39
58 45 38
59 41 57
60 86 40
61 78 40
62 54 20
63 92 46
64 98 55
65 98 39
66 31 21
67 6 57
68 32 17
69 32 7
70 76 53
71 92 57
72 15 13
73 17 33
74 51 1
75 11 26
76 80 4
77 93 21
78 30 22
79 8 9
80 4 47
81 8 54
82 12 28
83 99 52
84 78 20
85 41 13
86 37 28
87 4 48
88 79 51
89 59 10
90 90 46
91 4 32
92 6 48
93 32 13
94 20 24
95 71 45
96 76 52
97 94 45
98 75 45
99 39 12
0 53 54
1 76 41
2 89 12
3 89 9
4 61 18
5 3 12
6 39 36
7 90 21
8 79 32
9 66 3
10 82 30
11 25 23
12 4 56
13 58 3
14 77 19
15 12 19
16 57 15
17 56 46
18 96 12
19 11 9
20 88 57
21 58 3
22 29 42
23 83 48
24 55 15
25 97 11
26 31 39
27 31 11
28 37 57
29 24 28
30 95 19
31 78 54
32 42 14
33 47 30
34 86 5
35 58 30
36 66 41
37 36 39
38 92 55
39 10 18
40 34 41
41 29 27
42 50 42
43 92 41
44 93 30
45 33 5
46 31 4
47 62 44
48 65 54
49 80 16
50 77 55
51 99 54
52 39 18
53 12 39
54 17 43
55 7 32
56 3 49
57 16 26
58 45 41
59 77 49
60 23 56
61 12 7
62 16 44
63 36 13
64 66 37
65 3 48
66 94 42
67 35 20
68 14 31
69 16 39
70 58 39
71 95 17
72 82 12
73 41 23
74 82 2
75 24 41
76 27 29
77 39 6
78 78 29
79 3 23
80 31 19
81 5 26
82 66 20
83 54 38
84 23 11
85 6 9
86 7 15
87 79 3
88 6 34
89 54 57
90 38 54
91 90 31
92 16 5
93 65 40
94 87 43
95 52 41
96 89 33
97 11 29
98 24 7
99 12 10
0 33 14
1 79 43
2 82 26
3 92 23
4 15 13
5 37 28
6 12 9
7 19 41
8 95 34
9 45 39
10 52 10
11 89 55
12 23 10
13 72 29
14 14 35
15 76 18
16 93 37
17 96 48
18 86 21
19 23 15
20 30 46
21 25 17
22 25 45
23 21 54
24 71 2
25 13 33
26 45 37
27 9 35
28 80 9
29 32 41
30 2 43
31 63 20
32 29 29
33 9 15
34 76 43
35 95 41
36 90 42
37 31 54
38 96 26
39 25 20
40 6 36
41 69 36
42 15 17
43 58 43
44 69 9
45 17 54
46 68 7
47 90 44
48 91 43
49 7 27
50 76 3
51 49 36
52 89 44
53 38 49
54 53 31
55 90 45
56 7 27
57 3 13
58 90 24
59 27 36
60 17 55
61 79 13
62 88 57
63 73 28
64 85 26
65 5 43
66 36 14
67 7 14
68 72 40
69 27 40
70 82 33
71 38 18
72 37 18
73 38 53
74 27 6
75 37 26
76 71 46
77 14 13
78 23 15
79 90 36
80 68 40
81 97 17
82 81 16
83 92 28
84 98 12
85 47 45
86 38 18
87 87 38
88 94 3
89 16 42
90 29 17
91 12 57
92 19 56
93 17 16
94 29 27
95 98 25
96 7 3
97 63 40
98 20 39
99 11 42
0 78 22
1 84 17
2 85 4
3 29 41
4 84 12
5 27 11
6 97 13
7 10 3
8 36 21
9 93 25
10 98 38
11 46 7
12 12 43
13 79 54
14 86 33
15 54 56
16 94 41
17 84 54
18 42 36
19 52 44
20 55 39
21 97 54
22 63 43
23 4 38
24 31 12
25 2 16
26 18 8
27 50 14
28 12 56
29 30 45
30 6 57
31 20 21
32 2 8
33 9 4
34 54 8
35 51 18
36 15 15
37 44 18
38 59 20
39 65 37
40 23 43
41 86 2
42 49 41
43 93 30
44 96 56
45 9 19
46 48 28
47 85 40
48 24 16
49 30 9
50 58 27
51 75 55
52 31 4
53 44 15
54 78 36
55 51 15
56 16 29
57 8 42
58 71 28
59 26 28
60 86 32
61 74 27
62 78 51
63 68 39
64 70 30
65 65 1
66 34 1
67 95 44
68 10 18
69 24 21
70 26 24
71 95 7
72 40 22
73 4 11
74 56 37
75 37 20
76 59 29
77 64 10
78 19 4
79 92 44
80 2 17
81 12 30
82 38 41
83 9 19
84 95 45
85 56 20
86 14 35
87 34 19
88 96 8
89 87 8
90 83 47
91 78 40
92 6 34
93 92 41
94 5 21
95 3 9
96 54 41
97 66 22
98 5 55
99 29 4
0 40 44
1 72 21
2 92 10
3 50 13
4 25 31
5 90 44
6 87 31
7 25 5
8 47 55
9 17 37
10 99 47
11 55 14
12 57 13
13 13 34
14 92 32
15 74 2
16 63 56
17 19 13
18 38 20
19 12 6
20 53 18
21 5 14
22 35 44
23 66 54
24 12 56
25 96 12
26 30 5
27 26 40
28 7 35
29 45 2
30 8 43
31 99 22
32 48 22
33 40 54
34 28 36
35 17 56
36 40 40
37 97 12
38 64 3
39 72 38
40 38 47
41 84 54
42 73 52
43 64 3
44 4 28
45 5 28
46 81 4
47 94 27
48 56 39
49 37 24
50 16 32
51 49 2
52 90 38
53 46 20
54 17 54
55 3 37
56 85 31
57 57 1
58 3 20
59 34 10
60 33 3
61 59 8
62 67 31
63 83 25
64 12 3
65 26 12
66 80 24
67 70 43
68 18 21
69 30 28
70 19 23
71 35 14
72 58 22
73 99 19
74 97 17
75 35 54
76 16 46
77 66 20
78 21 22
79 70 29
80 24 45
81 53 57
82 49 30
83 7 27
84 97 20
85 10 27
86 92 8
87 90 54
88 52 28
89 18 27
90 82 5
91 83 30
92 3 35
93 60 37
94 39 1
95 20 38
96 10 46
97 39 25
98 24 24
99 69 14
0 66 55
1 97 50
2 12 26
3 54 20
4 85 14
5 19 42
6 87 17
7 91 4
8 48 8
9 77 39
10 22 33
11 88 54
12 68 39
13 62 9
14 81 22
15 73 2
16 10 35
17 43 30
18 33 55
19 22 8
20 11 1
21 79 2
22 45 38
23 19 37
24 40 38
25 15 38
26 49 17
27 64 29
28 92 8
29 24 42
30 14 42
31 87 6
32 5 36
33 80 13
34 9 24
35 71 47
36 19 56
37 53 41
38 10 53
39 40 6
40 26 23
41 33 28
42 41 1
43 72 8
44 13 37
45 52 23
46 6 10
47 97 16
48 39 56
49 39 8
50 15 21
51 78 57
52 16 9
53 86 3
54 5 35
55 89 45
56 46 41
57 74 54
58 9 19
59 10 48
60 8 38
61 5 6
62 34 55
63 52 17
64 85 17
65 87 21
66 24 9
67 5 16
68 60 8
69 30 3
70 83 20
71 22 30
72 3 30
73 25 20
74 38 38
75 43 13
76 27 44
77 18 45
78 90 26
79 94 43
80 56 54
81 82 47
82 15 42
83 26 4
84 73 53
85 78 21
86 98 51
87 6 37
88 53 17
89 8 14
90 90 29
91 87 56
92 38 18
93 25 25
94 40 15
95 96 36
96 23 46
97 26 21
98 37 50
99 33 55
0 93 23
1 26 15
2 82 28
3 69 57
4 65 36
5 97 11
6 41 12
7 69 23
8 58 57
9 18 38
10 65 13
11 81 52
12 29 29
13 64 56
14 85 56
15 21 25
16 72 19
17 82 48
18 33 7
19 41 37
20 81 6
21 6 34
22 7 34
23 52 21
24 81 4
25 35 46
26 21 2
27 88 52
28 34 14
29 37 52
30 11 47
31 33 38
32 39 10
33 70 20
34 3 37
35 76 44
36 21 29
37 38 46
38 29 14
39 77 28
40 71 28
41 67 23
42 14 23
43 35 3
44 61 21
45 96 22
46 37 27
47 39 41
48 77 15
49 18 32
50 5 21
51 23 19
52 95 12
53 31 56
54 60 42
55 33 15
56 92 45
57 48 43
58 80 10
59 13 4
60 98 39
61 55 2
62 91 40
63 81 45
64 55 21
65 55 20
66 85 36
67 90 53
68 25 12
69 61 46
70 36 23
71 79 40
72 60 15
73 77 47
74 54 42
75 9 37
76 79 15
77 91 15
78 69 21
79 29 28
80 37 45
81 22 42
82 82 48
83 84 2
84 10 42
85 92 35
86 18 16
87 29 31
88 64 21
89 31 24
90 82 36
91 27 4
92 20 24
93 37 19
94 87 52
95 36 46
96 78 40
97 47 29
98 9 42
99 71 52
0 61 20
1 16 12
2 5 35
3 9 36
4 47 2
5 33 20
6 57 16
7 56 16
8 14 34
9 13 37
10 27 44
11 54 23
12 13 23
13 16 37
14 90 24
15 87 10
16 69 16
17 98 41
18 20 42
19 49 38
20 38 10
21 28 20
22 29 42
23 8 35
24 16 40
25 47 37
26 21 25
27 87 23
28 18 11
29 33 13
30 19 18
31 82 30
32 51 21
33 69 55
34 36 9
35 28 23
36 32 18
37 84 23
38 37 40
39 40 54
40 8 6
41 13 28
42 24 20
43 28 28
44 21 10
45 15 45
46 31 38
47 38 24
48 71 29
49 74 22
50 58 7
51 62 39
52 23 43
53 10 46
54 34 17
55 19 29
56 32 28
57 3 41
58 89 55
59 88 38
60 7 55
61 39 16
62 97 13
63 56 19
64 38 14
65 69 20
66 42 43
67 10 30
68 56 44
69 98 26
70 81 27
71 10 50
72 65 57
73 83 47
74 14 21
75 39 9
76 54 37
77 95 4
78 95 33
79 34 11
80 98 27
81 25 40
82 38 47
83 31 16
84 16 30
85 30 10
86 60 43
87 91 4
88 78 50
89 64 41
90 40 40
91 97 46
92 13 1
93 59 54
94 36 10
95 49 15
96 59 17
97 82 54
98 98 44
99 35 6
0 92 22
1 3 16
2 72 56
3 87 22
4 74 9
5 16 20
6 37 30
7 27 43
8 11 24
9 28 8
10 72 55
11 6 54
12 59 46
13 16 45
14 88 12
15 28 21
16 84 56
17 30 57
18 14 24
19 79 47
20 31 40
21 84 11
22 69 39
23 27 40
24 91 7
25 12 47
26 64 56
27 16 22
28 39 44
29 71 43
30 83 27
31 95 13
32 99 4
33 96 26
34 20 33
35 19 12
36 62 46
37 31 9
38 54 56
39 12 16
40 27 16
41 57 54
42 15 13
43 54 7
44 32 41
45 91 22
46 17 27
47 96 40
48 23 21
49 96 54
50 86 30
51 89 7
52 19 7
53 23 14
54 75 46
55 18 12
56 7 6
57 40 44
58 83 32
59 95 50
60 56 31
61 87 5
62 90 5
63 88 36
64 47 30
65 32 38
66 50 45
67 61 21
68 60 44
69 5 44
70 86 38
71 27 5
72 70 41
73 87 48
74 8 11
75 25 26
76 35 16
77 50 38
78 3 11
79 71 38
80 80 34
81 27 40
82 48 43
83 56 39
84 34 56
85 15 33
86 73 50
87 71 3
88 23 21
89 2 26
90 41 54
91 52 56
92 35 30
93 6 1
94 98 34
95 4 6
96 36 38
97 97 23
98 24 26
99 14 28
0 67 14
1 31 9
2 23 31
3 19 55
4 64 1
5 13 42
6 22 22
7 29 17
8 22 24
9 79 34
10 97 55
11 27 3
12 59 18
13 62 40
14 14 41
15 23 16
16 13 17
17 18 36
18 24 19
19 38 39
20 87 6
21 63 15
22 32 38
23 11 37
24 67 16
25 16 16
26 64 42
27 32 55
28 94 39
29 85 14
30 14 25
31 76 53
32 81 20
33 31 2
34 94 48
35 76 21
36 52 44
37 31 17
38 89 38
39 34 14
40 72 50
41 92 36
42 59 16
43 75 13
44 27 18
45 84 2
46 84 27
47 85 36
48 33 37
49 7 45
50 46 18
51 49 42
52 38 5
53 75 57
54 83 21
55 98 19
56 89 15
57 32 8
58 60 17
59 87 54
60 58 20
61 27 41
62 3 46
63 67 41
64 27 42
65 64 40
66 41 8
67 11 30
68 50 57
69 17 44
70 84 44
71 37 50
72 14 22
73 26 5
74 26 6
75 58 41
76 24 6
77 48 31
78 51 20
79 66 41
80 76 21
81 81 38
82 85 26
83 19 26
84 87 38
85 4 49
86 87 44
87 11 53
88 93 1
89 80 6
90 89 46
91 81 21
92 87 45
93 38 39
94 12 7
95 80 32
96 70 22
97 72 14
98 51 9
99 51 22
0 74 3
1 66 56
2 20 16
3 97 24
4 5 2
5 27 21
6 86 11
7 24 8
8 48 56
9 30 30
10 12 48
11 25 19
12 92 14
13 38 19
14 14 45
15 77 51
16 67 13
17 16 36
18 61 44
19 54 13
20 86 40
21 51 37
22 12 33
23 84 29
24 2 18
25 29 40
26 11 8
27 8 41
28 54 55
29 15 16
30 26 8
31 30 56
32 79 14
33 84 22
34 46 23
35 82 16
36 32 43
37 91 35
38 40 22
39 48 41
40 16 10
41 19 15
42 6 6
43 88 21
44 20 35
45 8 52
46 74 16
47 69 45
48 26 29
49 83 5
50 89 3
51 18 14
52 11 40
53 16 37
54 61 42
55 78 3
56 19 20
57 81 48
58 18 43
59 3 17
60 23 9
61 38 50
62 60 17
63 4 21
64 54 17
65 52 40
66 71 37
67 25 6
68 74 18
69 40 3
70 87 46
71 7 26
72 86 18
73 48 54
74 72 46
75 56 54
76 86 46
77 31 8
78 98 42
79 36 20
80 36 12
81 45 44
82 70 31
83 85 53
84 39 24
85 45 19
86 66 55
87 37 45
88 35 12
89 4 40
90 42 7
91 17 19
92 11 35
93 61 21
94 40 40
95 82 52
96 31 7
97 20 20
98 24 58
99 56 23
0 58 22
1 13 46
2 9 51
3 67 40
4 88 43
5 62 42
6 19 37
7 79 35
8 82 48
9 51 22
10 9 56
11 35 4
12 52 12
13 9 30
14 39 56
15 13 37
16 91 50
17 35 54
18 20 25
19 37 5
20 96 36
21 78 32
22 91 24
23 3 15
24 2 56
25 23 9
26 6 10
27 10 5
28 56 29
29 88 11
30 77 28
31 88 55
32 73 2
33 71 21
34 50 39
35 62 44
36 23 8
37 79 18
38 14 22
39 51 57
40 56 40
41 50 21
42 82 4
43 3 53
44 3 54
45 69 2
46 68 31
47 92 44
48 35 56
49 67 1
50 88 50
51 94 32
52 97 34
53 70 18
54 37 47
55 92 31
56 16 26
57 8 57
58 51 37
59 29 1
60 13 11
61 9 9
62 18 56
63 17 12
64 30 30
65 95 37
66 5 56
67 17 38
68 75 56
69 46 21
70 96 39
71 91 39
72 72 42
73 19 41
74 80 34
75 14 38
76 39 42
77 57 10
78 24 27
79 61 40
80 95 11
81 20 21
82 74 17
83 26 43
84 70 39
85 81 9
86 67 19
87 35 11
88 90 9
89 47 1
90 97 12
91 9 18
92 22 9
93 80 10
94 55 28
95 34 40
96 39 45
97 7 26
98 29 21
99 15 43
0 17 46
1 7 3
2 12 26
3 83 32
4 57 43
5 82 6
6 83 15
7 42 30
8 85 15
9 78 41
10 32 15
11 36 23
12 33 8
13 75 31
14 22 13
15 40 45
16 49 41
17 57 31
18 6 57
19 76 48
20 6 31
21 27 11
22 23 12
23 79 40
24 39 19
25 36 39
26 92 23
27 31 10
28 24 11
29 7 45
30 47 55
31 80 2
32 9 48
33 59 22
34 84 34
35 82 37
36 6 27
37 88 49
38 11 12
39 74 41
40 89 35
41 6 24
42 65 10
43 77 41
44 25 2
45 79 21
46 92 30
47 33 42
48 13 55
49 28 30
50 17 36
51 45 29
52 79 40
53 48 44
54 77 15
55 86 4
56 21 28
57 21 38
58 72 14
59 6 39
60 34 27
61 13 11
62 64 40
63 63 19
64 12 33
65 90 18
66 74 57
67 85 6
68 63 13
69 50 12
70 50 46
71 75 44
72 8 37
73 14 57
74 58 30
75 31 38
76 24 21
77 14 5
78 83 22
79 64 19
80 89 36
81 40 2
82 7 47
83 37 19
84 18 46
85 89 6
86 69 22
87 89 20
88 46 43
89 28 37
90 18 3
91 80 15
92 43 45
93 4 43
94 21 34
95 16 22
96 91 6
97 96 32
98 24 27
99 20 16
0 28 43
1 16 18
2 24 7
3 30 23
4 57 18
5 89 37
6 27 6
7 68 40
8 19 41
9 51 27
10 59 2
11 8 20
12 21 29
13 72 51
14 13 39
15 89 20
16 5 56
17 40 8
18 19 40
19 15 41
20 31 43
21 50 42
22 25 57
23 95 32
24 59 29
25 91 33
26 71 56
27 85 35
28 13 12
29 32 26
30 81 53
31 67 56
32 68 43
33 15 57
34 95 21
35 83 7
36 35 37
37 16 26
38 51 44
39 53 21
40 78 56
41 11 45
42 52 41
43 25 27
44 93 40
45 89 24
46 2 46
47 60 39
48 79 31
49 83 30
50 10 24
51 22 19
52 25 17
53 93 24
54 89 53
55 26 46
56 42 2
57 83 51
58 36 24
59 31 13
60 15 20
61 10 19
62 57 11
63 27 8
64 53 20
65 34 31
66 64 14
67 84 58
68 32 2
69 78 2
70 67 21
71 11 57
72 72 46
73 18 8
74 84 26
75 52 30
76 65 31
77 90 18
78 89 15
79 36 8
80 10 48
81 15 39
82 8 25
83 22 10
84 41 9
85 11 20
86 33 57
87 93 11
88 88 15
89 17 24
90 74 21
91 12 35
92 74 43
93 13 31
94 48 42
95 45 8
96 26 9
97 28 56
98 91 9
99 17 11
0 37 58
1 81 29
2 50 10
3 10 46
4 68 38
5 62 37
6 60 22
7 5 14
8 52 55
9 66 38
10 5 20
11 39 44
12 92 19
13 26 45
14 75 57
15 36 28
16 98 13
17 38 57
18 56 38
19 24 25
20 81 23
21 81 4
22 81 5
23 42 14
24 17 36
25 64 46
26 40 20
27 60 43
28 90 44
29 54 28
30 63 56
31 57 45
32 2 3
33 40 8
34 11 38
35 53 39
36 71 42
37 6 5
38 89 54
39 35 40
40 63 41
41 91 17
42 43 29
43 96 6
44 10 8
45 19 28
46 87 32
47 11 18
48 84 28
49 35 15
50 77 44
51 42 55
52 92 17
53 7 48
54 95 10
55 38 55
56 62 39
57 69 29
58 30 40
59 82 28
60 87 2
61 56 38
62 63 18
63 13 4
64 34 44
65 3 57
66 39 43
67 26 30
68 5 4
69 69 39
70 98 16
71 96 44
72 97 57
73 53 44
74 88 51
75 59 7
76 25 17
77 86 26
78 20 23
79 51 45
80 16 40
81 67 13
82 45 42
83 68 1
84 5 5
85 39 52
86 7 55
87 58 43
88 16 23
89 98 38
90 81 17
91 12 25
92 67 18
93 91 34
94 52 29
95 74 8
96 8 32
97 96 17
98 94 38
99 32 37
0 5 57
1 92 55
2 81 25
3 3 56
4 51 40
5 52 19
6 96 5
7 34 2
8 30 45
9 69 29
10 83 45
11 91 29
12 22 41
13 11 32
14 60 30
15 76 44
16 35 28
17 95 28
18 15 32
19 15 54
20 8 9
21 88 48
22 39 21
23 15 27
24 12 25
25 92 53
26 20 34
27 87 3
28 86 12
29 40 16
30 75 40
31 28 11
32 88 14
33 11 10
34 18 10
35 71 54
36 54 29
37 22 14
38 35 56
39 37 19
40 69 42
41 48 44
42 7 48
43 96 26
44 59 21
45 54 22
46 10 16
47 9 50
48 4 52
49 75 48
50 20 44
51 30 3
52 79 41
53 30 12
54 31 30
55 7 12
56 5 6
57 14 10
58 49 15
59 75 16
60 4 24
61 75 56
62 85 25
63 96 38
64 45 8
65 83 34
66 9 32
67 69 37
68 82 46
69 87 30
70 6 57
71 52 31
72 88 20
73 45 46
74 94 3
75 38 41
76 61 16
77 34 18
78 21 35
79 65 11
80 85 12
81 68 22
82 25 14
83 98 53
84 88 33
85 65 43
86 50 7
87 87 38
88 78 54
89 59 20
90 91 56
91 59 21
92 35 18
93 23 23
94 55 2
95 35 24
96 3 2
97 54 36
98 40 6
99 79 48
0 65 10
1 91 5
2 84 24
3 30 29
4 14 54
5 81 26
6 23 15
7 13 12
8 68 44
9 84 49
10 21 20
11 81 57
12 89 16
13 14 33
14 89 53
15 85 49
16 72 20
17 87 1
18 64 30
19 80 17
20 76 21
21 85 29
22 27 39
23 84 39
24 52 55
25 43 41
26 80 9
27 82 56
28 76 19
29 98 15
30 96 46
31 47 29
32 6 18
33 19 16
34 13 2
35 18 14
36 11 42
37 63 16
38 30 23
39 72 30
40 39 10
41 91 44
42 55 30
43 81 24
44 98 21
45 4 25
46 58 17
47 66 42
48 29 26
49 5 49
50 21 4
51 95 47
52 74 21
53 32 42
54 82 30
55 27 18
56 94 26
57 38 39
58 11 17
59 5 45
60 55 55
61 91 8
62 74 18
63 88 16
64 19 21
65 17 20
66 76 29
67 7 8
68 93 37
69 72 55
70 81 39
71 75 44
72 58 41
73 33 14
74 73 14
75 66 8
76 64 38
77 5 30
78 90 49
79 63 9
80 90 22
81 68 55
82 65 57
83 17 44
84 22 39
85 48 30
86 64 9
87 98 10
88 92 15
89 45 23
90 61 56
91 91 12
92 54 30
93 36 17
94 84 25
95 46 55
96 66 38
97 21 56
98 7 5
99 72 18
0 93 53
1 37 42
2 90 7
3 12 38
4 84 56
5 17 19
6 33 43
7 78 38
8 83 51
9 68 38
10 77 44
11 83 17
12 87 33
13 44 44
14 34 7
15 98 17
16 45 19
17 96 15
18 33 25
19 90 33
20 58 39
21 84 23
22 68 44
23 98 15
24 59 41
25 31 15
26 81 12
27 16 21
28 93 14
29 24 15
30 70 40
31 18 9
32 14 2
33 79 45
34 9 44
35 28 57
36 15 9
37 82 33
38 8 37
39 51 2
40 48 15
41 91 26
42 64 19
43 94 47
44 67 15
45 87 24
46 33 10
47 18 34
48 39 40
49 87 34
50 38 13
51 42 21
52 65 2
53 27 57
54 57 36
55 85 43
56 56 15
57 67 44
58 7 10
59 27 26
60 11 4
61 85 48
62 14 36
63 6 5
64 87 38
65 97 22
66 82 6
67 81 44
68 64 57
69 69 42
70 73 46
71 42 15
72 90 13
73 33 12
74 56 7
75 13 25
76 34 37
77 59 15
78 97 4
79 48 19
80 4 49
81 67 16
82 13 41
83 11 51
84 93 16
85 73 20
86 66 38
87 21 29
88 31 10
89 74 45
90 60 1
91 84 14
92 83 38
93 72 36
94 84 18
95 84 19
96 69 2
97 69 22
98 88 9
99 63 3
0 17 9
1 85 57
2 35 17
3 10 20
4 15 12
5 80 23
6 76 44
7 8 45
8 26 38
9 38 50
10 91 11
11 50 30
12 16 10
13 2 52
14 21 24
15 26 24
16 62 15
17 71 8
18 98 56
19 96 23
20 48 54
21 59 57
22 70 37
23 97 33
24 84 35
25 83 56
26 45 54
27 32 37
28 54 20
29 31 4
30 25 39
31 23 28
32 34 4
33 87 57
34 86 47
35 96 15
36 68 22
37 46 38
38 92 5
39 39 5
40 44 31
41 52 15
42 19 37
43 39 41
44 34 10
45 28 5
46 83 11
47 93 23
48 15 12
49 45 10
50 14 46
51 92 8
52 50 10
53 98 28
54 65 40
55 11 42
56 3 25
57 54 37
58 21 22
59 78 45
60 38 40
61 10 7
62 25 18
63 46 43
64 29 6
65 27 12
66 8 2
67 38 27
68 95 49
69 80 6
70 60 31
71 95 23
72 55 19
73 73 13
74 97 10
75 66 28
76 27 17
77 31 19
78 7 54
79 88 27
80 35 28
81 51 43
82 83 34
83 63 37
84 70 16
85 43 18
86 52 23
87 87 41
88 27 56
89 91 45
90 28 30
91 45 39
92 96 54
93 82 50
94 90 25
95 57 57
96 31 5
97 14 28
98 26 28
99 87 55
