0 94 30
1 56 36
2 30 17
3 78 18
4 85 34
5 58 29
6 8 37
7 59 55
8 59 12
9 12 12
0 34 25
1 16 12
2 62 14
3 30 8
4 6 33
5 17 5
6 70 18
7 39 14
8 39 37
9 32 39
0 87 16
1 76 57
2 81 17
3 36 53
4 19 56
5 90 8
6 80 10
7 5 5
8 96 18
9 32 56
0 94 24
1 73 49
2 86 33
3 54 42
4 34 13
5 17 13
6 5 16
7 48 46
8 79 10
9 9 25
0 16 2
1 93 35
2 87 38
3 61 15
4 67 42
5 41 16
6 61 19
7 6 3
8 35 28
9 96 56
0 2 41
1 42 43
2 6 56
3 85 2
4 55 38
5 23 54
6 63 10
7 81 46
8 59 58
9 39 28
0 14 44
1 36 24
2 94 20
3 77 21
4 32 13
5 42 31
6 84 34
7 91 27
8 44 22
9 6 42
0 47 55
1 37 25
2 96 21
3 97 35
4 27 39
5 93 8
6 81 52
7 25 2
8 10 11
9 30 22
0 52 2
1 49 54
2 30 10
3 56 57
4 35 56
5 47 46
6 9 54
7 50 8
8 27 38
9 66 54
0 8 34
1 98 26
2 97 20
3 44 56
4 9 48
5 25 31
6 16 30
7 97 25
8 80 4
9 4 55
0 87 14
1 93 2
2 88 21
3 5 33
4 59 37
5 96 6
6 85 41
7 18 29
8 52 9
9 98 53
0 89 54
1 90 10
2 15 46
3 16 6
4 96 10
5 77 45
6 26 54
7 8 4
8 75 55
9 92 33
0 77 57
1 79 30
2 79 4
3 76 20
4 23 29
5 8 54
6 74 55
7 28 4
8 35 21
9 24 1
0 35 2
1 99 35
2 18 2
3 54 23
4 42 13
5 75 38
6 46 29
7 66 55
8 28 13
9 96 38
0 79 48
1 89 8
2 51 45
3 56 39
4 47 14
5 57 56
6 38 28
7 95 10
8 39 2
9 81 23
0 48 42
1 18 2
2 57 57
3 46 46
4 23 22
5 11 29
6 78 42
7 28 19
8 79 32
9 13 8
0 49 19
1 93 34
2 73 42
3 95 21
4 44 2
5 13 56
6 70 3
7 21 31
8 81 51
9 80 15
0 18 13
1 96 42
2 14 21
3 88 2
4 11 24
5 5 36
6 75 1
7 32 56
8 91 43
9 15 3
0 64 22
1 85 30
2 28 5
3 23 21
4 55 20
5 22 27
6 86 53
7 91 8
8 59 45
9 10 27
0 18 15
1 7 11
2 11 6
3 15 58
4 9 31
5 51 8
6 25 56
7 84 34
8 36 39
9 78 48
0 72 47
1 5 52
2 82 36
3 17 15
4 58 55
5 3 5
6 96 49
7 34 55
8 46 2
9 69 37
0 77 57
1 16 24
2 71 12
3 36 6
4 81 45
5 39 31
6 87 31
7 51 41
8 83 39
9 71 21
0 27 14
1 97 55
2 82 31
3 24 18
4 42 55
5 95 8
6 30 25
7 95 54
8 74 41
9 11 9
0 94 43
1 98 34
2 19 3
3 69 22
4 37 47
5 45 57
6 25 28
7 21 40
8 78 55
9 98 30
0 62 20
1 85 55
2 82 56
3 46 30
4 53 2
5 94 44
6 80 7
7 5 34
8 35 30
9 38 44
0 85 57
1 91 43
2 39 41
3 97 31
4 3 6
5 72 39
6 57 39
7 52 31
8 15 34
9 83 24
0 54 40
1 72 22
2 3 3
3 25 43
4 92 45
5 99 53
6 76 42
7 40 18
8 83 36
9 85 40
0 37 47
1 59 57
2 13 37
3 63 45
4 6 30
5 93 39
6 15 36
7 98 38
8 25 16
9 28 10
0 88 24
1 40 16
2 15 54
3 80 12
4 18 46
5 33 2
6 73 48
7 7 29
8 21 32
9 35 26
0 70 57
1 58 17
2 96 50
3 71 2
4 32 4
5 60 39
6 91 54
7 13 45
8 41 1
9 13 30
0 26 29
1 37 48
2 70 29
3 3 11
4 5 39
5 8 5
6 80 49
7 11 18
8 51 41
9 93 9
0 32 27
1 18 11
2 13 23
3 62 22
4 56 21
5 93 15
6 11 24
7 99 15
8 41 44
9 52 2
0 87 40
1 13 43
2 40 19
3 3 34
4 14 44
5 98 22
6 5 18
7 90 41
8 43 14
9 44 18
0 38 16
1 13 42
2 36 12
3 50 44
4 67 55
5 11 50
6 73 52
7 53 44
8 34 13
9 22 37
0 87 56
1 8 39
2 68 46
3 98 21
4 93 7
5 85 13
6 11 37
7 5 30
8 98 24
9 4 24
0 55 31
1 92 11
2 18 14
3 80 53
4 87 43
5 9 2
6 39 18
7 37 5
8 42 42
9 51 30
0 25 22
1 41 2
2 54 17
3 90 33
4 90 47
5 52 15
6 92 26
7 33 41
8 88 3
9 67 39
0 70 21
1 85 2
2 89 20
3 29 13
4 84 22
5 26 25
6 87 22
7 83 3
8 10 57
9 96 47
0 89 28
1 21 32
2 88 2
3 6 40
4 63 28
5 5 44
6 55 42
7 43 45
8 5 51
9 4 29
0 18 20
1 40 16
2 44 30
3 85 39
4 90 50
5 18 22
6 37 54
7 12 20
8 71 9
9 35 57
0 8 3
1 61 29
2 21 2
3 96 22
4 43 41
5 36 23
6 9 49
7 64 9
8 35 26
9 92 50
0 84 1
1 92 56
2 28 25
3 6 2
4 59 40
5 70 55
6 77 47
7 91 26
8 26 43
9 38 41
0 56 56
1 57 9
2 56 58
3 30 29
4 45 45
5 5 50
6 89 54
7 26 42
8 31 15
9 96 5
0 73 42
1 37 17
2 87 33
3 69 43
4 22 40
5 60 19
6 10 13
7 45 31
8 26 28
9 9 38
0 6 24
1 12 28
2 31 38
3 93 54
4 44 30
5 35 20
6 4 50
7 6 21
8 64 45
9 69 38
0 61 7
1 50 44
2 28 44
3 94 8
4 4 18
5 19 35
6 28 2
7 91 14
8 58 21
9 57 15
0 64 17
1 47 8
2 63 30
3 99 53
4 91 53
5 2 16
6 32 15
7 45 7
8 57 45
9 34 41
0 60 44
1 34 17
2 33 15
3 79 24
4 80 13
5 86 44
6 53 45
7 85 6
8 9 12
9 6 35
0 89 41
1 74 17
2 43 22
3 3 29
4 31 23
5 79 41
6 64 10
7 89 24
8 52 56
9 57 29
0 62 40
1 46 16
2 97 38
3 32 15
4 94 11
5 76 31
6 72 29
7 86 23
8 29 39
9 82 20
