0 94 30
1 56 36
2 30 17
3 78 18
4 85 34
5 58 29
6 8 37
7 59 55
8 59 12
9 12 12
10 34 25
11 16 12
12 62 14
13 30 8
14 6 33
15 17 5
16 70 18
17 39 14
18 39 37
19 32 39
20 87 16
21 76 57
22 81 17
23 36 53
24 19 56
25 90 8
26 80 10
27 5 5
28 96 18
29 32 56
30 94 24
31 73 49
32 86 33
33 54 42
34 34 13
35 17 13
36 5 16
37 48 46
38 79 10
39 9 25
40 16 2
41 93 35
42 87 38
43 61 15
44 67 42
45 41 16
46 61 19
47 6 3
48 35 28
49 96 56
0 2 41
1 42 43
2 6 56
3 85 2
4 55 38
5 23 54
6 63 10
7 81 46
8 59 58
9 39 28
10 14 44
11 36 24
12 94 20
13 77 21
14 32 13
15 42 31
16 84 34
17 91 27
18 44 22
19 6 42
20 47 55
21 37 25
22 96 21
23 97 35
24 27 39
25 93 8
26 81 52
27 25 2
28 10 11
29 30 22
30 52 2
31 49 54
32 30 10
33 56 57
34 35 56
35 47 46
36 9 54
37 50 8
38 27 38
39 66 54
40 8 34
41 98 26
42 97 20
43 44 56
44 9 48
45 25 31
46 16 30
47 97 25
48 80 4
49 4 55
0 87 14
1 93 2
2 88 21
3 5 33
4 59 37
5 96 6
6 85 41
7 18 29
8 52 9
9 98 53
10 89 54
11 90 10
12 15 46
13 16 6
14 96 10
15 77 45
16 26 54
17 8 4
18 75 55
19 92 33
20 77 57
21 79 30
22 79 4
23 76 20
24 23 29
25 8 54
26 74 55
27 28 4
28 35 21
29 24 1
30 35 2
31 99 35
32 18 2
33 54 23
34 42 13
35 75 38
36 46 29
37 66 55
38 28 13
39 96 38
40 79 48
41 89 8
42 51 45
43 56 39
44 47 14
45 57 56
46 38 28
47 95 10
48 39 2
49 81 23
0 48 42
1 18 2
2 57 57
3 46 46
4 23 22
5 11 29
6 78 42
7 28 19
8 79 32
9 13 8
10 49 19
11 93 34
12 73 42
13 95 21
14 44 2
15 13 56
16 70 3
17 21 31
18 81 51
19 80 15
20 18 13
21 96 42
22 14 21
23 88 2
24 11 24
25 5 36
26 75 1
27 32 56
28 91 43
29 15 3
30 64 22
31 85 30
32 28 5
33 23 21
34 55 20
35 22 27
36 86 53
37 91 8
38 59 45
39 10 27
40 18 15
41 7 11
42 11 6
43 15 58
44 9 31
45 51 8
46 25 56
47 84 34
48 36 39
49 78 48
0 72 47
1 5 52
2 82 36
3 17 15
4 58 55
5 3 5
6 96 49
7 34 55
8 46 2
9 69 37
10 77 57
11 16 24
12 71 12
13 36 6
14 81 45
15 39 31
16 87 31
17 51 41
18 83 39
19 71 21
20 27 14
21 97 55
22 82 31
23 24 18
24 42 55
25 95 8
26 30 25
27 95 54
28 74 41
29 11 9
30 94 43
31 98 34
32 19 3
33 69 22
34 37 47
35 45 57
36 25 28
37 21 40
38 78 55
39 98 30
40 62 20
41 85 55
42 82 56
43 46 30
44 53 2
45 94 44
46 80 7
47 5 34
48 35 30
49 38 44
0 85 57
1 91 43
2 39 41
3 97 31
4 3 6
5 72 39
6 57 39
7 52 31
8 15 34
9 83 24
10 54 40
11 72 22
12 3 3
13 25 43
14 92 45
15 99 53
16 76 42
17 40 18
18 83 36
19 85 40
20 37 47
21 59 57
22 13 37
23 63 45
24 6 30
25 93 39
26 15 36
27 98 38
28 25 16
29 28 10
30 88 24
31 40 16
32 15 54
33 80 12
34 18 46
35 33 2
36 73 48
37 7 29
38 21 32
39 35 26
40 70 57
41 58 17
42 96 50
43 71 2
44 32 4
45 60 39
46 91 54
47 13 45
48 41 1
49 13 30
0 26 29
1 37 48
2 70 29
3 3 11
4 5 39
5 8 5
6 80 49
7 11 18
8 51 41
9 93 9
10 32 27
11 18 11
12 13 23
13 62 22
14 56 21
15 93 15
16 11 24
17 99 15
18 41 44
19 52 2
20 87 40
21 13 43
22 40 19
23 3 34
24 14 44
25 98 22
26 5 18
27 90 41
28 43 14
29 44 18
30 38 16
31 13 42
32 36 12
33 50 44
34 67 55
35 11 50
36 73 52
37 53 44
38 34 13
39 22 37
40 87 56
41 8 39
42 68 46
43 98 21
44 93 7
45 85 13
46 11 37
47 5 30
48 98 24
49 4 24
0 55 31
1 92 11
2 18 14
3 80 53
4 87 43
5 9 2
6 39 18
7 37 5
8 42 42
9 51 30
10 25 22
11 41 2
12 54 17
13 90 33
14 90 47
15 52 15
16 92 26
17 33 41
18 88 3
19 67 39
20 70 21
21 85 2
22 89 20
23 29 13
24 84 22
25 26 25
26 87 22
27 83 3
28 10 57
29 96 47
30 89 28
31 21 32
32 88 2
33 6 40
34 63 28
35 5 44
36 55 42
37 43 45
38 5 51
39 4 29
40 18 20
41 40 16
42 44 30
43 85 39
44 90 50
45 18 22
46 37 54
47 12 20
48 71 9
49 35 57
0 8 3
1 61 29
2 21 2
3 96 22
4 43 41
5 36 23
6 9 49
7 64 9
8 35 26
9 92 50
10 84 1
11 92 56
12 28 25
13 6 2
14 59 40
15 70 55
16 77 47
17 91 26
18 26 43
19 38 41
20 56 56
21 57 9
22 56 58
23 30 29
24 45 45
25 5 50
26 89 54
27 26 42
28 31 15
29 96 5
30 73 42
31 37 17
32 87 33
33 69 43
34 22 40
35 60 19
36 10 13
37 45 31
38 26 28
39 9 38
40 6 24
41 12 28
42 31 38
43 93 54
44 44 30
45 35 20
46 4 50
47 6 21
48 64 45
49 69 38
0 61 7
1 50 44
2 28 44
3 94 8
4 4 18
5 19 35
6 28 2
7 91 14
8 58 21
9 57 15
10 64 17
11 47 8
12 63 30
13 99 53
14 91 53
15 2 16
16 32 15
17 45 7
18 57 45
19 34 41
20 60 44
21 34 17
22 33 15
23 79 24
24 80 13
25 86 44
26 53 45
27 85 6
28 9 12
29 6 35
30 89 41
31 74 17
32 43 22
33 3 29
34 31 23
35 79 41
36 64 10
37 89 24
38 52 56
39 57 29
40 62 40
41 46 16
42 97 38
43 32 15
44 94 11
45 76 31
46 72 29
47 86 23
48 29 39
49 82 20
