0 94 30
1 56 36
2 30 17
3 78 18
4 85 34
5 58 29
6 8 37
7 59 55
8 59 12
9 12 12
10 34 25
11 16 12
12 62 14
13 30 8
14 6 33
15 17 5
16 70 18
17 39 14
18 39 37
19 32 39
20 87 16
21 76 57
22 81 17
23 36 53
24 19 56
25 90 8
26 80 10
27 5 5
28 96 18
29 32 56
30 94 24
31 73 49
32 86 33
33 54 42
34 34 13
35 17 13
36 5 16
37 48 46
38 79 10
39 9 25
40 16 2
41 93 35
42 87 38
43 61 15
44 67 42
45 41 16
46 61 19
47 6 3
48 35 28
49 96 56
50 2 41
51 42 43
52 6 56
53 85 2
54 55 38
55 23 54
56 63 10
57 81 46
58 59 58
59 39 28
60 14 44
61 36 24
62 94 20
63 77 21
64 32 13
65 42 31
66 84 34
67 91 27
68 44 22
69 6 42
70 47 55
71 37 25
72 96 21
73 97 35
74 27 39
75 93 8
76 81 52
77 25 2
78 10 11
79 30 22
80 52 2
81 49 54
82 30 10
83 56 57
84 35 56
85 47 46
86 9 54
87 50 8
88 27 38
89 66 54
90 8 34
91 98 26
92 97 20
93 44 56
94 9 48
95 25 31
96 16 30
97 97 25
98 80 4
99 4 55
0 87 14
1 93 2
2 88 21
3 5 33
4 59 37
5 96 6
6 85 41
7 18 29
8 52 9
9 98 53
10 89 54
11 90 10
12 15 46
13 16 6
14 96 10
15 77 45
16 26 54
17 8 4
18 75 55
19 92 33
20 77 57
21 79 30
22 79 4
23 76 20
24 23 29
25 8 54
26 74 55
27 28 4
28 35 21
29 24 1
30 35 2
31 99 35
32 18 2
33 54 23
34 42 13
35 75 38
36 46 29
37 66 55
38 28 13
39 96 38
40 79 48
41 89 8
42 51 45
43 56 39
44 47 14
45 57 56
46 38 28
47 95 10
48 39 2
49 81 23
50 48 42
51 18 2
52 57 57
53 46 46
54 23 22
55 11 29
56 78 42
57 28 19
58 79 32
59 13 8
60 49 19
61 93 34
62 73 42
63 95 21
64 44 2
65 13 56
66 70 3
67 21 31
68 81 51
69 80 15
70 18 13
71 96 42
72 14 21
73 88 2
74 11 24
75 5 36
76 75 1
77 32 56
78 91 43
79 15 3
80 64 22
81 85 30
82 28 5
83 23 21
84 55 20
85 22 27
86 86 53
87 91 8
88 59 45
89 10 27
90 18 15
91 7 11
92 11 6
93 15 58
94 9 31
95 51 8
96 25 56
97 84 34
98 36 39
99 78 48
0 72 47
1 5 52
2 82 36
3 17 15
4 58 55
5 3 5
6 96 49
7 34 55
8 46 2
9 69 37
10 77 57
11 16 24
12 71 12
13 36 6
14 81 45
15 39 31
16 87 31
17 51 41
18 83 39
19 71 21
20 27 14
21 97 55
22 82 31
23 24 18
24 42 55
25 95 8
26 30 25
27 95 54
28 74 41
29 11 9
30 94 43
31 98 34
32 19 3
33 69 22
34 37 47
35 45 57
36 25 28
37 21 40
38 78 55
39 98 30
40 62 20
41 85 55
42 82 56
43 46 30
44 53 2
45 94 44
46 80 7
47 5 34
48 35 30
49 38 44
50 85 57
51 91 43
52 39 41
53 97 31
54 3 6
55 72 39
56 57 39
57 52 31
58 15 34
59 83 24
60 54 40
61 72 22
62 3 3
63 25 43
64 92 45
65 99 53
66 76 42
67 40 18
68 83 36
69 85 40
70 37 47
71 59 57
72 13 37
73 63 45
74 6 30
75 93 39
76 15 36
77 98 38
78 25 16
79 28 10
80 88 24
81 40 16
82 15 54
83 80 12
84 18 46
85 33 2
86 73 48
87 7 29
88 21 32
89 35 26
90 70 57
91 58 17
92 96 50
93 71 2
94 32 4
95 60 39
96 91 54
97 13 45
98 41 1
99 13 30
0 26 29
1 37 48
2 70 29
3 3 11
4 5 39
5 8 5
6 80 49
7 11 18
8 51 41
9 93 9
10 32 27
11 18 11
12 13 23
13 62 22
14 56 21
15 93 15
16 11 24
17 99 15
18 41 44
19 52 2
20 87 40
21 13 43
22 40 19
23 3 34
24 14 44
25 98 22
26 5 18
27 90 41
28 43 14
29 44 18
30 38 16
31 13 42
32 36 12
33 50 44
34 67 55
35 11 50
36 73 52
37 53 44
38 34 13
39 22 37
40 87 56
41 8 39
42 68 46
43 98 21
44 93 7
45 85 13
46 11 37
47 5 30
48 98 24
49 4 24
50 55 31
51 92 11
52 18 14
53 80 53
54 87 43
55 9 2
56 39 18
57 37 5
58 42 42
59 51 30
60 25 22
61 41 2
62 54 17
63 90 33
64 90 47
65 52 15
66 92 26
67 33 41
68 88 3
69 67 39
70 70 21
71 85 2
72 89 20
73 29 13
74 84 22
75 26 25
76 87 22
77 83 3
78 10 57
79 96 47
80 89 28
81 21 32
82 88 2
83 6 40
84 63 28
85 5 44
86 55 42
87 43 45
88 5 51
89 4 29
90 18 20
91 40 16
92 44 30
93 85 39
94 90 50
95 18 22
96 37 54
97 12 20
98 71 9
99 35 57
0 8 3
1 61 29
2 21 2
3 96 22
4 43 41
5 36 23
6 9 49
7 64 9
8 35 26
9 92 50
10 84 1
11 92 56
12 28 25
13 6 2
14 59 40
15 70 55
16 77 47
17 91 26
18 26 43
19 38 41
20 56 56
21 57 9
22 56 58
23 30 29
24 45 45
25 5 50
26 89 54
27 26 42
28 31 15
29 96 5
30 73 42
31 37 17
32 87 33
33 69 43
34 22 40
35 60 19
36 10 13
37 45 31
38 26 28
39 9 38
40 6 24
41 12 28
42 31 38
43 93 54
44 44 30
45 35 20
46 4 50
47 6 21
48 64 45
49 69 38
50 61 7
51 50 44
52 28 44
53 94 8
54 4 18
55 19 35
56 28 2
57 91 14
58 58 21
59 57 15
60 64 17
61 47 8
62 63 30
63 99 53
64 91 53
65 2 16
66 32 15
67 45 7
68 57 45
69 34 41
70 60 44
71 34 17
72 33 15
73 79 24
74 80 13
75 86 44
76 53 45
77 85 6
78 9 12
79 6 35
80 89 41
81 74 17
82 43 22
83 3 29
84 31 23
85 79 41
86 64 10
87 89 24
88 52 56
89 57 29
90 62 40
91 46 16
92 97 38
93 32 15
94 94 11
95 76 31
96 72 29
97 86 23
98 29 39
99 82 20
0 31 11
1 89 27
2 4 37
3 5 23
4 30 55
5 90 46
6 57 13
7 47 41
8 44 54
9 9 21
10 5 20
11 31 38
12 69 40
13 90 42
14 69 13
15 95 8
16 94 27
17 11 19
18 54 31
19 93 25
20 80 50
21 24 16
22 57 40
23 25 30
24 25 30
25 87 52
26 58 8
27 8 4
28 72 19
29 11 44
30 35 23
31 53 28
32 50 17
33 90 5
34 98 54
35 93 14
36 31 54
37 9 9
38 55 56
39 5 47
40 31 30
41 58 19
42 20 29
43 17 16
44 3 7
45 49 41
46 24 21
47 3 33
48 22 5
49 52 56
50 26 4
51 25 56
52 6 14
53 8 43
54 48 28
55 70 44
56 35 39
57 58 37
58 12 48
59 35 2
60 25 25
61 68 17
62 18 30
63 16 41
64 73 20
65 28 26
66 20 56
67 35 16
68 75 36
69 73 55
70 88 9
71 91 12
72 61 16
73 64 38
74 10 25
75 11 21
76 23 22
77 84 46
78 18 57
79 16 28
80 66 44
81 40 3
82 17 25
83 35 2
84 46 45
85 52 56
86 35 46
87 95 29
88 41 36
89 92 39
90 31 29
91 20 4
92 61 56
93 9 4
94 89 45
95 65 19
96 30 30
97 10 43
98 81 35
99 86 11
0 2 41
1 60 42
2 19 20
3 66 2
4 11 23
5 79 45
6 76 22
7 32 46
8 91 38
9 23 22
10 4 18
11 24 25
12 23 24
13 82 44
14 11 28
15 98 16
16 64 43
17 96 19
18 8 43
19 82 21
20 88 2
21 90 18
22 7 26
23 80 57
24 5 22
25 49 16
26 75 19
27 8 55
28 94 4
29 59 55
30 4 8
31 63 44
32 38 40
33 58 28
34 59 45
35 17 9
36 90 18
37 4 13
38 89 57
39 81 56
40 8 36
41 23 18
42 85 23
43 79 4
44 27 7
45 33 55
46 94 19
47 73 52
48 31 16
49 92 8
50 77 17
51 49 18
52 22 24
53 73 42
54 59 18
55 37 47
56 67 2
57 22 38
58 48 44
59 20 6
60 89 35
61 41 55
62 93 49
63 27 18
64 93 24
65 49 39
66 79 26
67 71 42
68 6 52
69 5 25
70 24 41
71 27 30
72 81 43
73 33 11
74 93 33
75 6 51
76 20 8
77 62 54
78 75 43
79 9 23
80 11 3
81 93 5
82 61 41
83 84 28
84 4 46
85 2 3
86 78 19
87 7 48
88 4 40
89 12 9
90 22 55
91 72 18
92 95 5
93 33 46
94 84 37
95 88 29
96 87 29
97 39 7
98 44 16
99 98 24
0 51 30
1 79 1
2 16 56
3 85 19
4 28 11
5 67 31
6 12 14
7 12 18
8 59 28
9 68 2
10 16 41
11 48 30
12 17 6
13 85 26
14 67 2
15 50 54
16 29 29
17 46 21
18 50 44
19 37 14
20 75 29
21 41 42
22 50 30
23 87 35
24 84 32
25 16 11
26 24 8
27 81 7
28 26 17
29 34 22
30 22 31
31 88 47
32 15 22
33 65 30
34 4 11
35 90 34
36 4 7
37 95 23
38 71 54
39 80 33
40 82 23
41 75 37
42 29 9
43 20 29
44 4 7
45 83 12
46 89 26
47 37 37
48 90 31
49 71 15
50 97 50
51 37 7
52 36 57
53 42 23
54 44 41
55 12 33
56 7 35
57 90 47
58 19 40
59 72 52
60 5 16
61 42 16
62 66 42
63 4 38
64 19 44
65 51 55
66 76 16
67 6 51
68 77 20
69 26 13
70 72 28
71 91 45
72 85 48
73 27 36
74 34 19
75 46 56
76 66 45
77 44 44
78 4 35
79 12 21
80 32 4
81 67 27
82 22 27
83 20 5
84 72 54
85 45 14
86 68 37
87 87 29
88 10 5
89 44 20
90 82 23
91 26 19
92 2 36
93 18 11
94 26 1
95 6 23
96 51 8
97 33 17
98 43 18
99 65 28
0 81 29
1 27 44
2 80 17
3 56 20
4 35 24
5 31 37
6 3 19
7 87 15
8 27 24
9 42 56
10 84 37
11 69 28
12 13 24
13 45 9
14 43 31
15 82 20
16 47 20
17 16 14
18 3 50
19 68 23
20 2 33
21 56 18
22 43 42
23 4 14
24 92 28
25 69 43
26 15 38
27 19 36
28 25 6
29 54 56
30 98 8
31 18 33
32 12 43
33 32 23
34 76 56
35 37 13
36 86 5
37 10 18
38 7 27
39 33 29
40 50 16
41 50 8
42 66 2
43 3 40
44 30 15
45 11 33
46 83 6
47 8 34
48 78 45
49 21 56
50 58 3
51 17 22
52 76 16
53 72 44
54 5 37
55 3 42
56 9 32
57 59 18
58 8 21
59 64 38
60 15 16
61 48 29
62 2 15
63 79 4
64 7 55
65 13 13
66 50 16
67 76 2
68 27 29
69 54 42
70 10 30
71 19 44
72 95 49
73 16 32
74 69 28
75 34 8
76 12 11
77 90 33
78 55 41
79 88 57
80 66 30
81 53 42
82 36 22
83 84 46
84 86 31
85 12 4
86 80 34
87 73 9
88 27 20
89 30 1
90 45 44
91 55 37
92 76 29
93 3 4
94 39 40
95 84 27
96 17 16
97 51 57
98 87 29
99 83 44
0 24 42
1 11 6
2 7 32
3 86 37
4 13 38
5 62 7
6 11 43
7 23 46
8 71 39
9 29 28
10 84 46
11 34 15
12 15 16
13 42 15
14 2 6
15 43 46
16 38 18
17 3 39
18 21 56
19 44 40
20 23 39
21 94 43
22 48 19
23 91 14
24 34 46
25 84 5
26 15 40
27 91 7
28 36 5
29 9 14
30 78 54
31 72 46
32 65 18
33 72 28
34 97 27
35 7 57
36 4 35
37 60 15
38 60 45
39 29 18
40 70 42
41 32 38
42 4 30
43 38 2
44 3 54
45 59 37
46 4 48
47 69 15
48 9 19
49 39 47
50 47 56
51 69 3
52 24 36
53 25 18
54 39 15
55 25 26
56 5 21
57 25 56
58 81 32
59 20 26
60 95 13
61 36 28
62 57 18
63 93 29
64 43 58
65 6 44
66 98 28
67 78 36
68 29 2
69 15 19
70 6 54
71 87 44
72 73 57
73 36 26
74 26 45
75 77 53
76 18 8
77 4 38
78 40 11
79 85 25
80 21 29
81 8 8
82 2 28
83 70 9
84 30 25
85 20 41
86 11 36
87 83 46
88 11 40
89 17 13
90 25 18
91 27 54
92 13 40
93 96 37
94 2 24
95 60 41
96 78 22
97 84 56
98 21 19
99 24 25
0 97 17
1 25 15
2 57 15
3 71 17
4 49 41
5 21 4
6 19 13
7 7 48
8 93 41
9 80 21
10 42 18
11 85 15
12 72 29
13 54 44
14 77 22
15 24 57
16 85 30
17 18 3
18 82 46
19 15 15
20 31 15
21 26 9
22 40 12
23 17 56
24 33 44
25 95 37
26 44 39
27 30 12
28 20 35
29 62 1
30 95 38
31 91 53
32 18 16
33 96 53
34 33 12
35 53 58
36 58 56
37 85 21
38 11 49
39 17 39
40 19 43
41 24 11
42 51 56
43 15 18
44 61 56
45 30 20
46 37 17
47 76 29
48 74 23
49 66 8
50 3 43
51 90 38
52 80 17
53 64 57
54 37 37
55 3 4
56 60 36
57 92 18
58 50 16
59 83 15
60 84 19
61 45 54
62 13 9
63 9 34
64 92 46
65 31 19
66 92 35
67 51 44
68 21 42
69 93 27
70 5 28
71 37 29
72 78 38
73 83 26
74 62 45
75 69 37
76 82 47
77 88 8
78 29 10
79 33 16
80 72 15
81 98 55
82 53 55
83 92 29
84 95 54
85 85 33
86 83 35
87 10 30
88 7 52
89 77 50
90 6 44
91 27 15
92 7 44
93 88 55
94 79 46
95 27 38
96 20 17
97 5 25
98 2 25
99 50 2
0 59 55
1 34 56
2 18 31
3 88 33
4 14 25
5 3 21
6 50 15
7 95 18
8 33 29
9 84 22
10 89 34
11 46 43
12 83 19
13 81 31
14 91 18
15 48 15
16 15 9
17 37 54
18 97 44
19 2 3
20 29 45
21 99 33
22 27 16
23 32 36
24 73 30
25 87 8
26 2 17
27 6 45
28 83 33
29 43 42
30 78 49
31 56 29
32 28 41
33 24 23
34 59 9
35 3 11
36 75 45
37 62 21
38 46 28
39 61 20
40 97 43
41 46 7
42 17 9
43 13 7
44 9 38
45 32 26
46 25 20
47 33 44
48 59 22
49 88 10
50 96 48
51 39 14
52 71 42
53 88 9
54 7 47
55 48 17
56 50 16
57 57 9
58 99 9
59 8 48
60 8 50
61 90 2
62 67 22
63 82 36
64 85 24
65 20 30
66 59 45
67 53 16
68 56 54
69 29 18
70 98 37
71 93 40
72 10 22
73 35 43
74 31 45
75 91 6
76 60 15
77 23 11
78 95 51
79 36 38
80 5 19
81 28 42
82 8 50
83 11 7
84 89 51
85 97 41
86 95 22
87 96 10
88 73 50
89 80 31
90 57 2
91 45 42
92 90 33
93 54 23
94 13 21
95 61 3
96 18 56
97 57 12
98 15 18
99 98 50
0 71 28
1 13 55
2 46 31
3 54 54
4 35 41
5 97 21
6 97 58
7 98 57
8 55 31
9 88 52
10 35 37
11 3 53
12 73 37
13 71 29
14 51 2
15 44 30
16 26 15
17 30 24
18 39 39
19 58 9
20 3 1
21 76 40
22 12 52
23 21 34
24 31 9
25 83 17
26 11 37
27 7 7
28 28 28
29 52 56
30 13 57
31 63 58
32 63 54
33 86 31
34 48 55
35 6 38
36 59 56
37 46 55
38 5 36
39 45 30
40 91 46
41 79 16
42 32 25
43 71 28
44 63 44
45 17 26
46 49 2
47 27 4
48 89 53
49 48 40
50 85 13
51 78 54
52 98 24
53 49 8
54 14 30
55 9 33
56 28 23
57 4 11
58 92 39
59 28 54
60 20 9
61 47 39
62 89 54
63 24 5
64 91 15
65 8 47
66 71 41
67 2 14
68 80 44
69 7 21
70 67 43
71 89 37
72 71 37
73 74 14
74 82 9
75 87 25
76 59 39
77 31 10
78 34 29
79 87 35
80 3 50
81 94 41
82 14 30
83 87 18
84 79 48
85 28 5
86 80 53
87 47 16
88 70 16
89 91 34
90 46 13
91 63 23
92 47 17
93 92 9
94 29 28
95 11 30
96 24 57
97 75 15
98 16 43
99 6 44
0 17 35
1 23 30
2 29 25
3 51 15
4 34 42
5 95 32
6 35 40
7 83 25
8 6 41
9 99 14
10 6 5
11 36 37
12 77 56
13 89 36
14 23 55
15 65 45
16 63 39
17 83 49
18 88 7
19 73 56
20 10 27
21 11 17
22 37 21
23 13 43
24 23 25
25 82 51
26 37 18
27 9 24
28 34 9
29 88 6
30 84 15
31 90 42
32 31 37
33 49 39
34 61 58
35 10 21
36 91 16
37 4 41
38 2 48
39 27 2
40 68 55
41 30 54
42 61 38
43 76 54
44 97 30
45 14 36
46 18 42
47 62 15
48 70 28
49 86 48
50 73 13
51 80 57
52 4 11
53 12 35
54 38 42
55 61 36
56 52 28
57 22 5
58 24 5
59 72 37
60 70 10
61 63 18
62 96 21
63 14 44
64 36 1
65 88 22
66 26 12
67 57 17
68 47 8
69 98 4
70 82 18
71 26 6
72 45 57
73 72 57
74 63 2
75 72 30
76 97 35
77 52 43
78 46 43
79 42 7
80 42 36
81 75 57
82 83 5
83 86 44
84 91 34
85 71 46
86 27 23
87 91 7
88 49 54
89 94 27
90 85 42
91 24 5
92 20 45
93 32 9
94 36 50
95 53 45
96 32 30
97 5 5
98 40 7
99 35 38
0 51 9
1 3 24
2 60 43
3 63 8
4 6 24
5 20 43
6 92 38
7 72 3
8 8 30
9 94 25
10 5 10
11 85 11
12 35 24
13 34 15
14 86 56
15 18 4
16 12 6
17 43 22
18 25 10
19 48 1
20 77 51
21 10 53
22 31 6
23 92 39
24 97 4
25 45 56
26 54 28
27 87 35
28 60 3
29 4 36
30 12 17
31 81 11
32 4 4
33 33 4
34 36 17
35 17 28
36 79 47
37 57 56
38 19 30
39 39 22
40 5 22
41 15 40
42 97 32
43 84 49
44 6 56
45 32 31
46 24 54
47 4 3
48 48 56
49 4 6
50 83 4
51 76 47
52 27 57
53 13 10
54 46 30
55 94 4
56 31 8
57 10 4
58 75 39
59 69 11
60 76 39
61 15 57
62 78 20
63 73 42
64 73 3
65 31 38
66 87 15
67 91 52
68 85 36
69 19 44
70 23 17
71 20 3
72 76 29
73 71 51
74 85 53
75 34 27
76 5 24
77 17 46
78 44 30
79 79 22
80 82 54
81 87 34
82 86 16
83 39 55
84 7 42
85 45 45
86 80 1
87 97 49
88 76 51
89 56 39
90 38 3
91 90 32
92 69 38
93 17 22
94 95 19
95 8 40
96 87 4
97 87 34
98 7 35
99 29 40
0 95 22
1 8 53
2 58 42
3 48 54
4 56 44
5 37 38
6 50 22
7 50 15
8 71 28
9 38 55
10 46 38
11 81 23
12 60 29
13 32 55
14 14 21
15 70 17
16 20 43
17 92 21
18 27 11
19 44 37
20 12 4
21 85 14
22 55 15
23 62 41
24 86 37
25 91 32
26 5 24
27 22 40
28 2 11
29 10 3
30 35 22
31 22 33
32 94 56
33 36 9
34 65 28
35 80 43
36 14 46
37 2 53
38 94 2
39 8 19
40 80 47
41 35 40
42 4 43
43 8 22
44 33 37
45 50 11
46 63 39
47 18 22
48 13 30
49 86 49
50 17 5
51 10 36
52 94 7
53 44 18
54 92 19
55 44 41
56 3 52
57 76 44
58 93 25
59 39 6
60 7 46
61 78 48
62 83 39
63 88 46
64 77 2
65 88 12
66 96 34
67 3 46
68 3 7
69 92 37
70 84 12
71 81 56
72 76 19
73 55 57
74 87 20
75 10 57
76 80 9
77 50 3
78 55 22
79 18 39
80 78 54
81 53 28
82 96 18
83 47 2
84 38 45
85 8 38
86 60 43
87 29 41
88 26 25
89 53 14
90 39 45
91 86 18
92 32 5
93 11 27
94 60 9
95 6 7
96 24 39
97 10 41
98 65 55
99 16 44
0 16 21
1 80 9
2 18 42
3 36 41
4 6 8
5 55 8
6 71 40
7 73 16
8 88 11
9 45 9
10 24 56
11 17 6
12 28 37
13 21 16
14 36 7
15 87 25
16 26 55
17 80 50
18 86 12
19 17 22
20 32 7
21 54 58
22 26 40
23 29 12
24 84 27
25 95 47
26 98 17
27 25 11
28 7 33
29 64 15
30 81 57
31 20 56
32 51 21
33 36 42
34 27 39
35 32 29
36 38 49
37 84 22
38 47 45
39 11 3
40 24 30
41 69 43
42 71 9
43 16 11
44 29 5
45 60 15
46 36 36
47 38 2
48 35 9
49 24 44
50 53 23
51 86 15
52 76 44
53 29 9
54 93 25
55 91 17
56 38 57
57 2 41
58 80 27
59 98 33
60 81 57
61 33 25
62 76 31
63 62 21
64 84 13
65 90 15
66 67 54
67 98 5
68 61 37
69 93 41
70 91 8
71 85 12
72 65 29
73 17 16
74 12 20
75 82 32
76 47 30
77 74 58
78 20 36
79 96 39
80 29 45
81 14 3
82 82 54
83 33 36
84 23 12
85 19 21
86 94 53
87 34 12
88 89 9
89 79 22
90 59 43
91 57 7
92 78 49
93 59 19
94 20 28
95 99 5
96 92 33
97 77 23
98 17 11
99 41 15
0 32 10
1 74 18
2 81 25
3 94 39
4 9 32
5 7 45
6 31 16
7 2 8
8 11 45
9 8 51
10 74 45
11 36 36
12 32 55
13 25 42
14 79 15
15 93 8
16 96 9
17 95 11
18 63 19
19 72 16
20 10 32
21 95 8
22 21 21
23 17 24
24 35 26
25 81 52
26 9 29
27 82 4
28 89 18
29 10 39
30 10 18
31 87 27
32 12 57
33 34 43
34 32 11
35 11 32
36 12 34
37 23 24
38 68 40
39 53 23
40 19 18
41 89 29
42 86 3
43 49 15
44 32 17
45 95 18
46 92 22
47 98 23
48 36 26
49 65 41
50 56 40
51 85 3
52 76 47
53 36 6
54 70 28
55 30 18
56 21 57
57 14 2
58 97 22
59 41 18
60 8 40
61 47 41
62 66 45
63 26 40
64 43 28
65 96 56
66 90 17
67 34 7
68 27 22
69 19 1
70 89 29
71 47 42
72 39 30
73 77 31
74 38 2
75 80 45
76 11 51
77 31 22
78 43 16
79 39 21
80 87 9
81 30 56
82 91 23
83 56 58
84 9 4
85 69 55
86 17 19
87 37 3
88 81 55
89 24 41
90 85 21
91 62 38
92 8 26
93 93 12
94 66 21
95 81 56
96 6 11
97 65 39
98 96 6
99 13 33
0 76 40
1 2 35
2 27 19
3 19 15
4 38 12
5 63 19
6 98 6
7 18 5
8 71 42
9 35 19
10 81 24
11 97 52
12 92 18
13 74 49
14 79 51
15 88 21
16 73 44
17 63 14
18 7 23
19 15 42
20 75 56
21 14 44
22 13 24
23 88 23
24 90 58
25 44 45
26 52 22
27 71 10
28 34 29
29 17 27
30 68 43
31 40 13
32 34 5
33 31 6
34 9 26
35 48 16
36 10 24
37 91 30
38 40 19
39 10 12
40 98 53
41 88 44
42 29 7
43 29 14
44 23 38
45 80 57
46 86 34
47 92 26
48 84 14
49 5 2
50 23 14
51 57 12
52 14 46
53 63 38
54 83 35
55 37 46
56 25 28
57 2 2
58 33 1
59 91 57
60 3 28
61 87 43
62 43 13
63 84 32
64 80 49
65 81 39
66 82 50
67 52 18
68 63 15
69 87 14
70 4 28
71 69 9
72 52 2
73 16 34
74 20 20
75 73 39
76 17 33
77 48 57
78 70 10
79 60 45
80 51 58
81 96 21
82 86 58
83 3 47
84 35 5
85 37 36
86 51 39
87 14 30
88 37 37
89 68 40
90 35 31
91 70 9
92 23 28
93 58 43
94 96 42
95 31 21
96 85 25
97 97 36
98 56 39
99 74 40
0 75 47
1 97 12
2 39 48
3 78 48
4 21 44
5 60 15
6 18 30
7 6 21
8 35 13
9 11 40
10 39 14
11 91 14
12 38 7
13 30 14
14 6 5
15 15 11
16 10 48
17 3 43
18 47 40
19 2 28
20 11 27
21 5 16
22 72 38
23 95 57
24 88 4
25 27 22
26 28 20
27 28 29
28 93 3
29 87 4
30 13 14
31 75 51
32 80 16
33 14 7
34 40 42
35 89 4
36 38 19
37 58 17
38 96 26
39 84 30
40 93 57
41 8 40
42 92 43
43 26 6
44 55 54
45 5 46
46 78 15
47 33 44
48 62 36
49 19 57
50 55 17
51 96 8
52 51 16
53 57 56
54 8 8
55 97 19
56 82 20
57 82 28
58 88 48
59 8 23
60 8 31
61 48 7
62 39 17
63 98 45
64 25 12
65 23 4
66 81 53
67 87 29
68 76 20
69 56 21
70 14 4
71 70 19
72 26 6
73 77 46
74 8 25
75 81 2
76 79 39
77 91 40
78 15 44
79 87 18
80 39 40
81 93 8
82 18 25
83 21 56
84 84 5
85 36 31
86 49 18
87 36 24
88 19 4
89 5 12
90 6 47
91 36 37
92 43 17
93 23 11
94 37 27
95 38 27
96 64 14
97 97 21
98 17 57
99 66 31
0 7 44
1 21 5
2 13 54
3 94 51
4 36 53
5 68 20
6 39 52
7 5 35
8 30 7
9 89 41
10 11 54
11 55 44
12 78 46
13 19 20
14 6 43
15 78 54
16 29 55
17 13 7
18 65 20
19 80 1
20 25 17
21 57 14
22 47 38
23 8 31
24 19 21
25 42 8
26 86 4
27 82 36
28 93 29
29 3 3
30 7 12
31 24 17
32 32 8
33 60 8
34 45 12
35 72 3
36 58 28
37 80 7
38 94 37
39 19 34
40 14 46
41 59 31
42 16 21
43 91 38
44 51 55
45 5 11
46 88 32
47 98 52
48 58 17
49 20 56
50 88 54
51 89 32
52 14 12
53 89 31
54 13 10
55 34 31
56 95 40
57 42 14
58 18 12
59 7 14
60 37 17
61 44 22
62 97 30
63 99 23
64 33 29
65 76 41
66 95 25
67 55 2
68 21 46
69 33 7
70 19 35
71 60 39
72 3 39
73 80 1
74 65 20
75 52 36
76 29 11
77 20 55
78 16 30
79 90 27
80 4 52
81 5 25
82 91 4
83 31 5
84 59 2
85 41 15
86 53 38
87 98 42
88 84 26
89 77 47
90 46 57
91 23 42
92 98 15
93 44 29
94 11 11
95 55 43
96 92 16
97 75 36
98 29 44
99 14 8
0 67 41
1 73 22
2 4 44
3 85 23
4 54 22
5 80 9
6 37 3
7 87 35
8 16 7
9 21 33
10 4 6
11 18 57
12 90 4
13 38 10
14 37 5
15 38 6
16 62 22
17 58 41
18 95 46
19 39 50
20 15 33
21 29 46
22 25 37
23 63 46
24 28 20
25 9 45
26 81 35
27 36 37
28 5 24
29 40 22
30 96 43
31 5 12
32 34 45
33 61 31
34 96 35
35 50 14
36 88 40
37 97 38
38 50 46
39 81 45
40 38 16
41 26 55
42 97 45
43 86 18
44 82 8
45 6 50
46 27 22
47 19 29
48 91 34
49 73 16
50 52 22
51 29 12
52 71 7
53 74 3
54 32 2
55 84 26
56 73 48
57 65 37
58 81 8
59 65 18
60 36 4
61 92 52
62 67 28
63 38 50
64 81 26
65 9 8
66 51 7
67 96 12
68 53 44
69 24 56
70 61 58
71 29 4
72 92 53
73 60 44
74 70 21
75 25 2
76 56 39
77 47 44
78 43 30
79 81 18
80 27 4
81 68 55
82 95 28
83 8 10
84 72 57
85 58 30
86 89 36
87 37 47
88 5 11
89 58 42
90 64 11
91 15 14
92 38 38
93 56 38
94 41 7
95 40 8
96 41 44
97 90 14
98 33 17
99 89 33
0 93 13
1 92 17
2 73 37
3 12 7
4 82 8
5 73 2
6 66 8
7 58 44
8 50 46
9 86 38
10 53 7
11 83 51
12 93 35
13 82 35
14 97 3
15 7 34
16 14 9
17 68 39
18 26 25
19 35 19
20 24 24
21 20 36
22 88 31
23 22 7
24 19 17
25 39 39
26 63 14
27 6 7
28 83 54
29 43 29
30 11 40
31 59 7
32 48 45
33 59 20
34 66 14
35 57 55
36 62 22
37 32 19
38 75 41
39 45 14
40 19 1
41 96 48
42 40 8
43 4 36
44 24 27
45 2 12
46 73 14
47 12 36
48 37 50
49 72 39
50 44 56
51 35 18
52 42 18
53 62 29
54 89 23
55 46 36
56 14 14
57 17 37
58 11 41
59 25 9
60 23 10
61 14 24
62 88 15
63 57 57
64 62 44
65 19 27
66 15 54
67 31 13
68 65 46
69 24 38
70 30 25
71 83 47
72 88 30
73 94 32
74 33 27
75 65 2
76 89 43
77 19 40
78 8 38
79 54 37
80 74 22
81 79 36
82 87 56
83 35 41
84 88 10
85 76 21
86 90 20
87 51 21
88 22 2
89 81 7
90 61 29
91 10 13
92 11 30
93 91 44
94 92 12
95 26 20
96 38 16
97 60 8
98 52 31
99 89 7
0 56 44
1 58 1
2 42 56
3 67 19
4 89 35
5 96 24
6 63 21
7 29 20
8 38 10
9 67 3
10 13 2
11 59 31
12 48 38
13 30 57
14 50 17
15 44 45
16 37 21
17 28 37
18 82 14
19 57 22
20 42 42
21 4 41
22 98 35
23 72 17
24 5 29
25 29 45
26 14 38
27 53 44
28 58 55
29 31 14
30 92 53
31 75 42
32 12 15
33 9 48
34 82 6
35 12 47
36 17 18
37 19 27
38 48 14
39 25 25
40 45 29
41 55 15
42 92 3
43 35 12
44 16 14
45 44 19
46 19 2
47 2 35
48 97 57
49 73 14
50 22 2
51 57 42
52 95 57
53 60 38
54 45 3
55 2 28
56 24 26
57 18 40
58 8 18
59 54 23
60 9 55
61 19 13
62 10 11
63 52 12
64 96 5
65 36 16
66 64 3
67 18 22
68 48 42
69 39 17
70 79 49
71 23 17
72 35 29
73 90 52
74 32 26
75 97 43
76 95 14
77 60 27
78 6 21
79 12 14
80 52 41
81 55 23
82 66 56
83 95 40
84 41 5
85 41 2
86 37 14
87 20 30
88 28 41
89 71 30
90 19 56
91 36 39
92 29 42
93 13 10
94 78 50
95 71 47
96 98 24
97 76 55
98 50 15
99 71 13
0 31 14
1 8 7
2 91 28
3 24 42
4 92 58
5 69 55
6 33 29
7 92 14
8 19 25
9 95 53
10 87 26
11 75 11
12 66 18
13 14 23
14 87 52
15 79 21
16 29 25
17 4 8
18 73 56
19 5 12
20 28 38
21 22 55
22 81 50
23 7 22
24 21 7
25 32 42
26 68 16
27 13 30
28 35 40
29 58 29
30 2 42
31 74 54
32 73 36
33 67 14
34 31 38
35 67 36
36 80 12
37 80 13
38 91 49
39 34 38
40 59 7
41 32 18
42 39 47
43 59 23
44 20 42
45 70 41
46 89 45
47 48 14
48 90 47
49 92 44
50 49 22
51 5 28
52 85 41
53 22 17
54 82 55
55 38 46
56 87 4
57 26 13
58 8 21
59 31 42
60 34 40
61 50 9
62 67 39
63 3 20
64 50 21
65 16 20
66 67 57
67 83 33
68 37 31
69 36 48
70 77 15
71 75 38
72 84 12
73 79 6
74 97 7
75 32 56
76 39 45
77 17 55
78 26 12
79 44 39
80 94 42
81 18 35
82 85 13
83 30 27
84 12 53
85 89 9
86 30 19
87 89 57
88 43 20
89 65 40
90 67 41
91 4 5
92 10 49
93 41 22
94 57 23
95 23 15
96 8 43
97 25 22
98 85 48
99 66 19
0 37 16
1 49 7
2 70 1
3 18 26
4 53 13
5 69 8
6 30 24
7 51 3
8 34 4
9 60 37
10 11 41
11 47 44
12 10 14
13 82 56
14 74 16
15 69 10
16 2 6
17 21 36
18 93 8
19 79 24
20 55 19
21 73 49
22 52 29
23 94 13
24 10 16
25 53 55
26 34 27
27 14 4
28 9 19
29 23 19
30 6 22
31 60 36
32 30 24
33 74 22
34 25 7
35 49 38
36 76 30
37 13 30
38 63 40
39 85 35
40 92 11
41 17 25
42 56 22
43 98 23
44 32 22
45 27 39
46 16 32
47 16 28
48 78 18
49 87 41
50 74 56
51 49 37
52 11 32
53 96 27
54 83 49
55 79 49
56 2 22
57 73 19
58 93 55
59 58 43
60 81 38
61 97 20
62 27 22
63 39 8
64 24 43
65 36 28
66 13 43
67 25 18
68 81 3
69 24 27
70 53 54
71 57 14
72 17 54
73 40 19
74 28 37
75 75 19
76 15 3
77 74 13
78 5 47
79 24 20
80 29 55
81 76 45
82 2 2
83 4 29
84 85 17
85 37 51
86 78 22
87 19 41
88 10 14
89 72 20
90 48 28
91 96 52
92 23 40
93 49 54
94 14 1
95 95 28
96 74 23
97 50 44
98 32 45
99 5 26
0 96 16
1 67 42
2 10 40
3 65 14
4 28 7
5 83 19
6 59 31
7 64 9
8 4 31
9 15 23
10 92 28
11 31 28
12 53 15
13 24 30
14 96 3
15 79 30
16 6 24
17 88 26
18 41 16
19 43 38
20 30 45
21 31 43
22 17 31
23 4 30
24 24 39
25 29 31
26 35 2
27 19 8
28 33 21
29 83 47
30 82 35
31 16 37
32 19 33
33 74 18
34 3 48
35 51 39
36 74 38
37 32 23
38 80 46
39 65 14
40 94 49
41 28 20
42 89 42
43 89 7
44 4 52
45 65 44
46 41 37
47 43 19
48 5 15
49 11 54
50 15 58
51 28 6
52 95 39
53 30 31
54 74 36
55 90 22
56 14 9
57 40 38
58 47 29
59 35 29
60 23 29
61 39 9
62 86 11
63 30 8
64 27 25
65 54 3
66 39 45
67 59 8
68 29 28
69 48 38
70 29 19
71 51 20
72 73 1
73 30 6
74 31 25
75 96 54
76 83 50
77 92 7
78 41 15
79 64 9
80 74 3
81 54 15
82 86 14
83 12 41
84 94 44
85 39 49
86 61 8
87 51 55
88 83 30
89 21 38
90 37 27
91 82 4
92 39 44
93 58 38
94 31 12
95 60 16
96 56 40
97 90 57
98 23 21
99 47 14
0 68 38
1 63 41
2 20 31
3 67 39
4 31 45
5 30 2
6 88 34
7 91 40
8 18 9
9 9 47
10 39 48
11 87 11
12 90 6
13 31 6
14 74 53
15 75 52
16 51 56
17 45 2
18 93 48
19 36 28
20 53 39
21 95 20
22 7 31
23 89 27
24 82 3
25 19 43
26 19 42
27 79 42
28 28 43
29 33 8
30 52 56
31 87 24
32 8 47
33 70 30
34 49 8
35 8 39
36 96 32
37 58 41
38 70 22
39 2 41
40 36 31
41 81 15
42 83 52
43 35 38
44 42 20
45 49 45
46 69 31
47 91 19
48 90 46
49 23 24
50 96 47
51 45 29
52 97 45
53 97 23
54 98 2
55 91 46
56 58 12
57 90 43
58 98 34
59 57 56
60 73 53
61 45 31
62 60 23
63 79 43
64 89 8
65 14 29
66 90 25
67 19 40
68 14 15
69 82 47
70 37 23
71 86 46
72 54 8
73 71 19
74 12 29
75 92 27
76 15 9
77 14 6
78 46 45
79 12 57
80 6 30
81 14 38
82 84 29
83 27 19
84 20 7
85 16 31
86 82 12
87 7 17
88 30 19
89 73 44
90 62 15
91 32 15
92 71 21
93 10 38
94 7 2
95 13 27
96 40 13
97 23 27
98 80 12
99 15 27
0 86 19
1 12 36
2 6 18
3 89 26
4 65 55
5 27 46
6 35 56
7 25 6
8 5 54
9 79 43
10 86 5
11 27 26
12 10 25
13 84 34
14 7 45
15 49 30
16 18 11
17 39 2
18 66 46
19 24 28
20 14 44
21 79 6
22 17 42
23 2 12
24 85 43
25 2 44
26 83 39
27 38 56
28 32 16
29 10 50
30 29 25
31 35 36
32 5 27
33 75 43
34 35 7
35 24 24
36 7 35
37 45 3
38 77 29
39 86 30
40 25 45
41 7 35
42 59 1
43 57 16
44 80 14
45 64 46
46 48 45
47 50 21
48 4 46
49 13 37
50 77 51
51 43 37
52 39 41
53 77 37
54 55 46
55 86 28
56 17 24
57 26 29
58 98 27
59 45 41
60 70 21
61 50 55
62 79 20
63 91 51
64 30 40
65 26 25
66 38 18
67 4 18
68 74 28
69 88 47
70 95 49
71 52 19
72 28 26
73 4 49
74 13 34
75 59 39
76 94 40
77 51 22
78 92 5
79 41 30
80 81 3
81 55 56
82 97 14
83 61 44
84 62 36
85 88 3
86 71 17
87 91 5
88 45 31
89 68 43
90 16 44
91 88 56
92 28 40
93 21 10
94 7 47
95 85 23
96 85 35
97 94 11
98 55 43
99 55 8
0 26 2
1 66 37
2 79 24
3 42 28
4 14 29
5 34 3
6 16 12
7 53 15
8 13 26
9 96 15
10 7 44
11 83 29
12 70 14
13 69 2
14 97 19
15 90 46
16 16 5
17 85 37
18 88 54
19 78 37
20 33 22
21 12 41
22 88 35
23 12 8
24 11 52
25 14 25
26 39 31
27 34 29
28 40 37
29 2 18
30 36 37
31 64 38
32 65 56
33 32 5
34 86 11
35 31 27
36 44 9
37 16 20
38 76 40
39 21 34
40 84 34
41 59 29
42 33 8
43 46 46
44 30 29
45 98 25
46 49 39
47 89 35
48 56 7
49 71 36
50 84 15
51 33 29
52 14 20
53 86 49
54 90 36
55 96 16
56 59 19
57 21 13
58 42 43
59 96 56
60 59 29
61 24 23
62 90 37
63 32 26
64 68 29
65 52 45
66 67 55
67 21 38
68 36 11
69 35 38
70 38 16
71 24 44
72 34 12
73 46 22
74 96 36
75 24 40
76 75 50
77 61 18
78 92 18
79 94 57
80 32 54
81 17 32
82 28 28
83 73 18
84 89 24
85 2 8
86 13 31
87 30 44
88 56 19
89 8 20
90 56 43
91 92 46
92 14 43
93 26 22
94 5 18
95 6 17
96 39 14
97 2 17
98 53 56
99 97 22
0 63 56
1 22 15
2 20 11
3 38 11
4 52 38
5 16 44
6 87 50
7 13 30
8 62 8
9 80 14
10 8 29
11 80 4
12 45 45
13 98 2
14 6 20
15 27 16
16 57 9
17 60 54
18 40 3
19 36 27
20 95 17
21 73 45
22 12 19
23 16 6
24 61 15
25 2 37
26 9 21
27 12 27
28 30 55
29 89 21
30 94 50
31 81 54
32 95 36
33 32 5
34 37 5
35 61 16
36 95 49
37 31 56
38 15 45
39 42 57
40 57 13
41 44 19
42 36 4
43 24 58
44 43 19
45 14 23
46 48 16
47 19 28
48 64 21
49 66 18
50 16 57
51 47 38
52 87 9
53 26 18
54 14 42
55 26 22
56 54 56
57 33 10
58 78 50
59 15 54
60 84 30
61 53 42
62 73 46
63 34 11
64 43 45
65 7 54
66 95 25
67 73 40
68 2 52
69 39 16
70 30 40
71 38 6
72 14 34
73 86 43
74 6 6
75 39 55
76 48 14
77 82 20
78 6 25
79 90 33
80 57 39
81 91 23
82 64 16
83 34 45
84 21 42
85 43 3
86 7 14
87 41 41
88 12 12
89 39 7
90 31 37
91 79 42
92 97 48
93 32 27
94 86 54
95 64 39
96 86 22
97 78 21
98 30 22
99 53 18
0 5 37
1 40 8
2 35 22
3 82 15
4 11 52
5 77 28
6 96 13
7 54 7
8 79 49
9 45 38
10 69 40
11 53 31
12 23 7
13 80 56
14 11 21
15 6 47
16 24 1
17 17 36
18 37 31
19 83 13
20 21 41
21 51 13
22 38 55
23 19 34
24 73 40
25 86 49
26 61 17
27 39 8
28 4 14
29 69 40
30 24 24
31 37 51
32 49 45
33 44 46
34 4 8
35 34 41
36 74 20
37 30 19
38 50 45
39 14 14
40 72 2
41 84 30
42 72 44
43 52 8
44 66 29
45 51 12
46 34 56
47 20 30
48 56 45
49 98 31
50 38 42
51 48 30
52 44 43
53 76 40
54 97 9
55 11 26
56 88 32
57 32 24
58 5 34
59 36 45
60 28 9
61 15 2
62 96 40
63 19 56
64 89 50
65 74 47
66 20 39
67 26 15
68 80 13
69 85 29
70 84 27
71 42 14
72 90 5
73 99 16
74 11 20
75 82 34
76 5 26
77 43 19
78 29 8
79 93 17
80 73 51
81 38 50
82 53 46
83 17 38
84 91 32
85 27 57
86 4 9
87 81 10
88 7 25
89 96 42
90 21 57
91 19 34
92 14 44
93 55 40
94 20 31
95 13 39
96 48 31
97 27 16
98 51 55
99 29 43
0 54 44
1 46 22
2 34 1
3 8 50
4 46 39
5 43 20
6 55 27
7 96 10
8 61 40
9 22 35
10 32 24
11 5 34
12 41 28
13 75 17
14 45 16
15 10 5
16 3 16
17 54 23
18 62 15
19 71 41
20 69 11
21 13 15
22 34 19
23 33 56
24 93 55
25 78 52
26 89 39
27 71 28
28 5 11
29 7 35
30 23 16
31 2 57
32 17 2
33 85 17
34 8 50
35 8 41
36 15 37
37 97 20
38 74 51
39 58 20
40 53 56
41 31 19
42 73 56
43 84 26
44 91 37
45 48 15
46 64 30
47 23 54
48 87 38
49 68 45
50 95 38
51 83 47
52 44 3
53 29 57
54 3 46
55 67 57
56 79 52
57 77 29
58 39 28
59 26 5
60 96 8
61 4 44
62 36 5
63 85 11
64 97 6
65 23 55
66 82 53
67 74 42
68 21 17
69 65 45
70 74 8
71 5 16
72 79 10
73 90 5
74 86 42
75 85 44
76 72 18
77 56 18
78 38 40
79 87 57
80 92 8
81 81 20
82 94 46
83 21 11
84 12 19
85 27 39
86 59 11
87 94 15
88 33 12
89 38 39
90 64 19
91 2 18
92 95 27
93 34 22
94 63 28
95 12 31
96 84 20
97 13 22
98 64 18
99 90 38
0 37 13
1 21 24
2 24 55
3 68 20
4 78 29
5 28 39
6 24 10
7 5 46
8 81 57
9 72 50
10 80 46
11 82 8
12 32 15
13 36 39
14 29 17
15 91 32
16 74 20
17 32 26
18 89 47
19 8 31
20 31 11
21 96 12
22 94 51
23 3 37
24 20 33
25 35 21
26 20 14
27 20 55
28 67 44
29 35 30
30 97 36
31 69 2
32 24 56
33 19 30
34 39 21
35 3 27
36 34 15
37 26 30
38 48 19
39 15 15
40 36 23
41 80 11
42 43 21
43 52 38
44 89 47
45 57 38
46 24 15
47 23 14
48 4 10
49 71 7
50 19 43
51 37 18
52 22 17
53 63 38
54 66 56
55 4 51
56 39 4
57 36 12
58 71 46
59 85 48
60 91 41
61 21 26
62 92 50
63 63 40
64 80 2
65 64 16
66 21 13
67 15 15
68 3 45
69 77 30
70 97 29
71 68 15
72 91 40
73 98 50
74 49 54
75 25 31
76 28 31
77 23 11
78 65 44
79 50 40
80 9 17
81 35 31
82 50 3
83 68 31
84 56 15
85 17 1
86 10 25
87 82 18
88 40 13
89 77 17
90 17 10
91 85 55
92 38 42
93 37 2
94 17 37
95 29 44
96 2 17
97 85 47
98 7 3
99 50 8
0 4 22
1 35 31
2 92 21
3 13 7
4 84 25
5 43 17
6 38 39
7 12 2
8 84 28
9 96 27
10 37 41
11 5 43
12 81 5
13 23 43
14 94 19
15 83 18
16 55 44
17 89 45
18 53 36
19 31 57
20 34 8
21 29 43
22 17 54
23 98 51
24 93 45
25 95 32
26 36 39
27 35 9
28 24 24
29 74 41
30 53 16
31 35 46
32 63 17
33 33 37
34 43 55
35 71 42
36 5 55
37 18 37
38 64 43
39 14 24
40 50 9
41 8 29
42 49 13
43 31 13
44 69 17
45 79 31
46 24 29
47 94 5
48 24 21
49 21 9
50 25 5
51 93 29
52 56 54
53 64 2
54 27 22
55 93 42
56 79 33
57 6 6
58 79 52
59 36 3
60 65 45
61 51 10
62 79 51
63 4 8
64 81 44
65 5 47
66 10 50
67 21 43
68 75 28
69 38 37
70 68 13
71 55 37
72 24 11
73 4 23
74 94 48
75 89 26
76 56 1
77 67 21
78 32 30
79 11 22
80 42 29
81 3 35
82 77 55
83 99 26
84 88 37
85 5 19
86 42 13
87 28 15
88 85 24
89 14 7
90 62 16
91 22 16
92 18 15
93 86 11
94 43 22
95 39 5
96 31 2
97 80 17
98 75 46
99 36 29
0 19 55
1 90 4
2 28 11
3 6 8
4 69 28
5 63 3
6 19 32
7 56 29
8 31 22
9 40 9
10 11 54
11 46 55
12 98 43
13 75 48
14 62 22
15 46 22
16 83 13
17 78 36
18 58 36
19 29 37
20 60 41
21 50 54
22 77 55
23 85 57
24 5 6
25 22 18
26 25 5
27 50 8
28 12 35
29 49 54
30 47 38
31 88 31
32 8 57
33 61 46
34 42 39
35 8 28
36 3 50
37 58 16
38 28 2
39 18 17
40 85 23
41 65 55
42 91 15
43 18 12
44 50 45
45 70 38
46 17 34
47 63 2
48 62 16
49 62 14
50 22 39
51 32 2
52 20 9
53 94 35
54 19 1
55 7 15
56 49 55
57 16 6
58 70 20
59 21 31
60 74 1
61 17 2
62 21 9
63 12 1
64 72 48
65 55 45
66 47 29
67 50 42
68 55 7
69 72 30
70 6 3
71 54 30
72 39 28
73 95 17
74 49 41
75 13 17
76 65 55
77 43 19
78 73 18
79 57 14
80 63 31
81 25 58
82 88 15
83 12 40
84 20 35
85 8 15
86 6 56
87 26 30
88 32 19
89 75 19
90 46 7
91 36 20
92 22 20
93 24 14
94 76 21
95 64 14
96 18 4
97 3 51
98 48 57
99 17 12
0 28 23
1 53 2
2 25 41
3 43 55
4 78 18
5 14 27
6 54 14
7 74 17
8 92 45
9 97 31
10 72 29
11 79 21
12 23 31
13 5 43
14 28 7
15 82 11
16 72 2
17 11 5
18 69 40
19 35 20
20 88 23
21 49 45
22 96 41
23 31 43
24 32 4
25 35 7
26 55 58
27 28 8
28 57 1
29 33 57
30 47 18
31 84 25
32 84 2
33 53 3
34 60 21
35 64 19
36 62 29
37 31 36
38 97 36
39 77 19
40 40 12
41 39 9
42 96 41
43 77 42
44 83 54
45 86 46
46 46 54
47 54 55
48 34 54
49 79 37
50 87 18
51 23 19
52 13 26
53 6 4
54 89 7
55 42 30
56 95 11
57 16 8
58 56 39
59 95 11
60 89 7
61 3 57
62 22 36
63 4 8
64 83 3
65 11 2
66 94 27
67 47 31
68 40 37
69 61 7
70 39 53
71 75 46
72 79 15
73 4 37
74 5 34
75 96 11
76 3 27
77 68 29
78 61 8
79 31 22
80 85 11
81 19 24
82 57 41
83 87 38
84 76 28
85 85 46
86 34 14
87 16 38
88 81 56
89 96 52
90 98 47
91 3 5
92 75 53
93 88 27
94 84 14
95 87 56
96 75 28
97 73 39
98 63 30
99 25 9
0 21 44
1 29 25
2 58 57
3 92 3
4 20 7
5 15 33
6 81 14
7 82 32
8 41 8
9 33 19
10 63 57
11 79 17
12 19 43
13 60 40
14 95 56
15 48 17
16 37 31
17 25 12
18 90 56
19 19 29
20 28 7
21 49 45
22 16 35
23 51 58
24 39 17
25 37 45
26 39 56
27 27 44
28 43 29
29 33 28
30 92 55
31 84 18
32 59 55
33 81 55
34 10 21
35 43 3
36 23 30
37 91 35
38 77 36
39 13 37
40 11 55
41 13 34
42 20 56
43 23 41
44 83 18
45 45 55
46 98 3
47 74 50
48 23 8
49 89 57
50 5 22
51 48 13
52 68 45
53 11 2
54 8 14
55 60 8
56 15 46
57 33 11
58 60 54
59 13 20
60 35 38
61 96 50
62 91 39
63 11 36
64 62 45
65 26 5
66 66 38
67 9 20
68 97 38
69 56 17
70 19 1
71 39 36
72 72 52
73 66 56
74 73 20
75 17 14
76 79 52
77 5 22
78 40 7
79 32 2
80 24 23
81 17 28
82 67 15
83 25 15
84 56 30
85 29 26
86 94 20
87 26 21
88 28 37
89 84 17
90 28 42
91 6 18
92 20 11
93 31 25
94 28 55
95 93 58
96 65 30
97 91 36
98 4 20
99 63 14
0 7 53
1 50 20
2 83 47
3 39 45
4 18 19
5 9 14
6 12 3
7 29 15
8 80 36
9 3 9
10 59 16
11 93 4
12 37 38
13 67 28
14 55 17
15 37 12
16 28 56
17 37 37
18 17 31
19 14 36
20 21 55
21 56 19
22 58 55
23 94 9
24 15 44
25 71 51
26 9 8
27 3 19
28 32 28
29 85 28
30 92 30
31 97 23
32 82 48
33 4 22
34 69 15
35 56 13
36 12 37
37 11 17
38 34 25
39 34 17
40 91 23
41 90 41
42 65 19
43 3 6
44 16 14
45 8 37
46 40 17
47 80 13
48 84 17
49 75 48
50 63 45
51 36 15
52 18 13
53 51 43
54 84 21
55 91 57
56 98 38
57 68 29
58 93 18
59 12 11
60 88 2
61 78 51
62 4 33
63 11 50
64 93 18
65 68 46
66 93 6
67 33 56
68 31 8
69 50 30
70 66 15
71 7 30
72 96 16
73 91 34
74 70 38
75 53 29
76 94 15
77 10 55
78 15 41
79 22 30
80 36 45
81 81 31
82 96 45
83 16 1
84 56 19
85 84 12
86 8 58
87 83 58
88 3 41
89 31 19
90 27 11
91 58 42
92 23 14
93 19 43
94 77 37
95 85 31
96 86 35
97 41 41
98 19 29
99 46 41
0 41 16
1 27 43
2 32 17
3 11 31
4 79 22
5 31 56
6 94 6
7 61 37
8 77 52
9 63 45
10 41 12
11 96 41
12 97 21
13 33 57
14 98 41
15 69 41
16 8 13
17 13 42
18 63 42
19 65 54
20 36 6
21 16 54
22 65 39
23 3 18
24 86 40
25 64 18
26 82 52
27 22 18
28 95 3
29 20 23
30 10 3
31 66 19
32 95 13
33 50 20
34 10 53
35 14 36
36 79 18
37 76 57
38 29 15
39 49 14
40 70 45
41 24 24
42 18 55
43 47 14
44 81 25
45 12 39
46 99 56
47 55 37
48 21 24
49 56 40
50 96 32
51 53 29
52 98 36
53 36 16
54 2 48
55 24 18
56 20 34
57 2 42
58 60 37
59 13 37
60 39 11
61 48 39
62 8 57
63 10 22
64 9 3
65 81 52
66 61 1
67 7 21
68 6 53
69 88 15
70 69 36
71 32 41
72 90 40
73 42 31
74 58 55
75 71 10
76 60 16
77 38 53
78 45 45
79 65 40
80 6 35
81 72 21
82 29 14
83 86 14
84 25 38
85 9 5
86 76 30
87 52 16
88 37 45
89 33 12
90 91 54
91 20 1
92 81 50
93 29 54
94 27 22
95 96 54
96 81 46
97 86 22
98 33 18
99 3 42
0 91 39
1 32 55
2 89 28
3 40 21
4 4 29
5 32 24
6 7 30
7 73 44
8 95 19
9 73 20
10 70 28
11 95 56
12 37 42
13 7 41
14 69 12
15 96 22
16 14 45
17 31 42
18 58 39
19 76 37
20 86 55
21 14 35
22 26 38
23 26 45
24 70 30
25 17 5
26 79 42
27 75 21
28 75 28
29 84 5
30 52 9
31 19 11
32 10 2
33 50 36
34 37 31
35 41 30
36 82 5
37 34 7
38 37 19
39 44 23
40 37 26
41 20 46
42 41 21
43 31 14
44 5 31
45 92 33
46 23 37
47 69 21
48 13 19
49 98 19
50 73 3
51 97 17
52 85 55
53 50 40
54 40 8
55 86 28
56 14 44
57 87 50
58 5 50
59 13 16
60 39 56
61 51 2
62 81 26
63 76 57
64 32 38
65 79 2
66 18 30
67 71 41
68 15 9
69 10 49
70 13 9
71 89 34
72 51 40
73 39 29
74 24 46
75 5 17
76 6 7
77 39 26
78 87 39
79 8 26
80 72 45
81 92 41
82 76 42
83 6 43
84 16 24
85 95 49
86 97 16
87 48 14
88 46 42
89 89 9
90 2 28
91 47 41
92 8 11
93 44 56
94 37 41
95 82 45
96 53 57
97 87 16
98 48 30
99 25 9
0 5 9
1 62 39
2 68 43
3 84 48
4 11 14
5 97 33
6 92 10
7 73 19
8 11 5
9 14 46
10 30 45
11 79 52
12 90 31
13 36 31
14 13 38
15 39 1
16 85 24
17 12 53
18 85 15
19 9 12
20 18 4
21 47 42
22 29 54
23 82 14
24 60 41
25 41 37
26 37 3
27 27 41
28 94 52
29 8 34
30 93 50
31 73 3
32 25 17
33 3 37
34 30 54
35 6 29
36 85 15
37 6 5
38 94 51
39 40 18
40 92 54
41 27 39
42 22 14
43 84 28
44 40 16
45 81 51
46 24 28
47 40 39
48 16 44
49 85 41
50 73 52
51 85 46
52 3 28
53 73 45
54 30 5
55 27 14
56 16 25
57 92 8
58 73 57
59 49 21
60 55 40
61 95 47
62 31 23
63 60 1
64 83 28
65 80 19
66 64 30
67 52 42
68 9 23
69 8 23
70 34 6
71 24 20
72 90 8
73 72 18
74 73 46
75 90 20
76 95 13
77 94 20
78 3 5
79 20 58
80 91 6
81 54 56
82 74 46
83 4 34
84 28 43
85 83 53
86 76 46
87 81 15
88 89 3
89 53 45
90 46 37
91 73 42
92 75 39
93 2 4
94 25 43
95 39 11
96 8 23
97 13 18
98 23 55
99 10 48
0 30 41
1 96 3
2 75 14
3 91 47
4 69 20
5 40 4
6 74 14
7 51 31
8 94 24
9 79 18
10 68 31
11 98 30
12 34 16
13 98 22
14 65 9
15 79 5
16 12 18
17 86 57
18 65 19
19 3 20
20 40 45
21 11 56
22 43 8
23 3 27
24 37 3
25 39 51
26 26 38
27 85 27
28 67 13
29 77 36
30 23 20
31 58 55
32 74 38
33 35 31
34 10 44
35 72 2
36 64 38
37 76 3
38 24 31
39 32 6
40 56 20
41 8 8
42 86 36
43 75 36
44 65 29
45 96 43
46 8 40
47 10 48
48 95 43
49 24 3
50 87 14
51 74 31
52 63 2
53 10 19
54 8 5
55 30 6
56 23 14
57 54 42
58 12 31
59 14 24
60 85 21
61 11 54
62 66 21
63 59 3
64 41 28
65 7 12
66 86 4
67 20 10
68 87 14
69 32 37
70 6 14
71 80 32
72 23 43
73 8 48
74 66 14
75 12 17
76 52 36
77 3 54
78 96 11
79 44 22
80 55 57
81 3 22
82 62 57
83 18 1
84 11 42
85 18 4
86 38 7
87 47 57
88 64 45
89 33 38
90 34 23
91 26 12
92 83 34
93 43 45
94 72 15
95 52 7
96 44 2
97 36 17
98 61 16
99 29 15
0 64 55
1 8 28
2 50 46
3 11 41
4 18 20
5 32 4
6 22 3
7 97 1
8 20 57
9 53 13
10 42 22
11 72 57
12 18 34
13 35 22
14 21 58
15 37 19
16 11 26
17 28 8
18 14 19
19 64 16
20 91 44
21 14 42
22 80 26
23 10 22
24 83 31
25 11 40
26 18 28
27 99 35
28 3 2
29 92 43
30 36 47
31 95 56
32 49 16
33 54 39
34 77 39
35 52 37
36 35 43
37 38 40
38 50 37
39 61 43
40 38 55
41 86 5
42 79 42
43 20 30
44 27 27
45 7 43
46 93 52
47 74 55
48 89 51
49 50 14
50 84 14
51 7 39
52 26 57
53 35 39
54 81 7
55 89 32
56 16 21
57 83 34
58 81 12
59 47 23
60 11 21
61 90 3
62 43 21
63 45 38
64 64 41
65 80 4
66 39 18
67 78 28
68 80 44
69 18 57
70 76 16
71 26 41
72 21 4
73 87 2
74 89 16
75 31 30
76 16 44
77 96 10
78 35 28
79 17 39
80 25 22
81 17 40
82 61 21
83 49 21
84 57 22
85 51 28
86 32 56
87 24 45
88 41 7
89 82 10
90 4 14
91 3 28
92 9 12
93 13 35
94 82 11
95 17 55
96 78 39
97 93 27
98 39 25
99 22 27
0 80 26
1 93 42
2 93 13
3 66 29
4 59 43
5 11 27
6 37 5
7 6 32
8 37 38
9 7 32
10 21 16
11 22 4
12 35 17
13 96 38
14 38 26
15 37 40
16 96 10
17 29 24
18 19 30
19 20 16
20 10 33
21 48 43
22 52 42
23 33 44
24 69 21
25 60 55
26 4 42
27 11 4
28 63 23
29 56 14
30 54 30
31 77 50
32 61 56
33 58 42
34 26 22
35 61 42
36 76 15
37 94 28
38 70 19
39 11 53
40 32 5
41 8 36
42 98 56
43 88 21
44 17 17
45 33 23
46 20 7
47 29 25
48 96 50
49 58 36
50 15 41
51 9 27
52 67 21
53 67 29
54 71 17
55 86 43
56 9 24
57 35 3
58 78 47
59 93 48
60 69 16
61 42 21
62 15 42
63 60 16
64 9 10
65 91 11
66 45 1
67 27 22
68 30 38
69 45 20
70 38 17
71 75 42
72 50 56
73 37 16
74 94 8
75 94 16
76 36 40
77 74 13
78 11 41
79 80 32
80 60 46
81 5 26
82 27 5
83 96 14
84 36 56
85 52 20
86 70 2
87 53 23
88 65 23
89 2 48
90 18 17
91 11 40
92 11 15
93 51 3
94 10 56
95 59 22
96 57 14
97 82 57
98 36 45
99 75 50
0 29 19
1 88 8
2 97 35
3 77 17
4 34 22
5 48 41
6 14 30
7 92 7
8 86 55
9 64 16
10 98 40
11 77 44
12 67 42
13 42 43
14 61 2
15 55 41
16 8 9
17 33 3
18 25 10
19 86 32
20 87 53
21 29 24
22 94 16
23 57 10
24 29 28
25 34 15
26 68 31
27 97 40
28 18 14
29 57 21
30 88 33
31 84 31
32 33 28
33 49 14
34 94 48
35 74 52
36 12 56
37 40 22
38 30 57
39 37 53
40 95 40
41 42 40
42 30 40
43 86 26
44 38 27
45 56 41
46 57 12
47 65 37
48 57 44
49 27 20
50 53 13
51 32 39
52 17 45
53 76 28
54 81 49
55 67 18
56 65 42
57 92 24
58 38 2
59 33 57
60 55 45
61 7 37
62 18 30
63 42 19
64 82 49
65 44 22
66 51 14
67 41 46
68 35 45
69 11 15
70 6 42
71 71 29
72 89 55
73 21 25
74 82 57
75 2 24
76 16 13
77 3 12
78 19 5
79 93 57
80 54 30
81 24 16
82 51 39
83 92 20
84 23 43
85 49 31
86 64 39
87 15 29
88 70 57
89 55 41
90 46 29
91 56 46
92 90 21
93 34 5
94 23 11
95 54 15
96 91 27
97 42 22
98 5 5
99 97 18
0 66 38
1 27 45
2 91 46
3 86 36
4 5 17
5 78 47
6 95 4
7 18 28
8 96 3
9 26 8
10 41 28
11 6 34
12 96 22
13 83 12
14 96 57
15 25 12
16 95 42
17 5 39
18 18 40
19 85 42
20 88 23
21 93 14
22 90 33
23 3 44
24 23 17
25 55 43
26 20 3
27 44 43
28 56 12
29 14 8
30 4 7
31 80 47
32 64 55
33 79 56
34 81 26
35 96 14
36 74 44
37 17 30
38 29 41
39 94 47
40 37 38
41 35 14
42 14 26
43 21 5
44 54 23
45 5 26
46 4 16
47 15 11
48 19 9
49 91 57
50 77 54
51 61 31
52 18 13
53 79 29
54 17 21
55 78 29
56 75 17
57 35 22
58 75 18
59 62 27
60 50 29
61 13 22
62 94 20
63 87 27
64 91 21
65 89 46
66 73 40
67 12 12
68 30 20
69 27 24
70 72 3
71 64 3
72 85 38
73 46 29
74 29 8
75 6 7
76 51 57
77 30 21
78 49 16
79 64 9
80 51 21
81 29 13
82 22 40
83 89 33
84 18 41
85 9 6
86 90 8
87 86 2
88 68 29
89 30 24
90 50 29
91 28 4
92 12 49
93 91 48
94 28 30
95 81 14
96 40 39
97 34 15
98 90 23
99 84 4
0 64 40
1 39 27
2 34 6
3 30 21
4 64 2
5 82 14
6 38 28
7 17 57
8 6 36
9 7 43
10 12 9
11 53 57
12 19 57
13 11 48
14 90 33
15 74 40
16 33 55
17 43 40
18 11 42
19 35 27
20 93 10
21 56 16
22 15 30
23 12 2
24 93 9
25 15 6
26 23 16
27 17 46
28 68 20
29 60 39
30 2 52
31 67 3
32 87 12
33 44 58
34 96 24
35 83 12
36 27 14
37 9 55
38 18 12
39 73 46
40 44 40
41 21 19
42 25 46
43 8 39
44 28 12
45 11 23
46 91 23
47 50 10
48 89 9
49 51 11
50 28 36
51 52 18
52 12 24
53 88 10
54 62 19
55 85 33
56 5 14
57 2 36
58 79 23
59 8 32
60 24 18
61 59 19
62 56 37
63 84 28
64 33 19
65 4 7
66 38 40
67 8 31
68 49 3
69 4 52
70 4 22
71 18 42
72 29 14
73 23 15
74 34 25
75 4 24
76 19 39
77 91 49
78 17 32
79 17 46
80 93 3
81 92 13
82 93 11
83 29 27
84 22 20
85 63 29
86 12 5
87 12 34
88 72 9
89 25 28
90 97 13
91 18 26
92 37 47
93 80 47
94 35 56
95 58 13
96 66 56
97 14 39
98 11 43
99 16 1
0 74 31
1 26 12
2 30 43
3 44 45
4 18 24
5 75 14
6 24 15
7 33 8
8 27 6
9 41 45
10 48 57
11 25 8
12 27 3
13 32 9
14 8 35
15 76 22
16 19 38
17 49 39
18 16 1
19 35 45
20 83 12
21 14 13
22 42 16
23 23 4
24 98 5
25 75 15
26 48 15
27 39 3
28 18 54
29 18 2
30 53 3
31 90 28
32 89 13
33 81 45
34 87 19
35 28 37
36 18 2
37 52 31
38 32 43
39 26 9
40 17 22
41 17 42
42 55 16
43 20 23
44 97 52
45 7 52
46 94 47
47 24 31
48 4 32
49 96 47
50 80 21
51 11 44
52 10 5
53 10 37
54 11 46
55 91 10
56 77 52
57 91 6
58 39 12
59 96 45
60 17 8
61 24 15
62 42 19
63 45 19
64 30 3
65 17 38
66 71 57
67 94 7
68 55 15
69 24 42
70 20 15
71 86 38
72 64 29
73 15 29
74 36 7
75 83 23
76 16 23
77 56 55
78 72 57
79 16 2
80 40 44
81 52 20
82 24 44
83 86 49
84 88 2
85 21 38
86 96 2
87 32 54
88 78 42
89 80 13
90 70 43
91 80 50
92 25 26
93 98 7
94 94 14
95 2 28
96 44 43
97 96 13
98 90 36
99 62 2
0 37 56
1 96 48
2 49 38
3 98 28
4 14 21
5 69 43
6 49 54
7 78 45
8 43 40
9 12 54
10 91 45
11 47 28
12 5 17
13 14 36
14 3 21
15 23 18
16 45 16
17 98 22
18 54 15
19 72 2
20 3 35
21 75 2
22 98 53
23 79 5
24 58 8
25 47 9
26 19 33
27 92 51
28 66 19
29 98 14
30 38 54
31 33 18
32 12 5
33 11 33
34 44 45
35 99 27
36 64 20
37 78 42
38 75 17
39 20 5
40 39 38
41 16 7
42 2 31
43 41 56
44 85 41
45 46 55
46 63 16
47 49 2
48 74 20
49 86 30
50 94 4
51 56 56
52 63 30
53 77 57
54 24 4
55 77 38
56 3 8
57 12 37
58 9 31
59 39 26
60 38 49
61 74 28
62 53 43
63 46 56
64 91 6
65 84 34
66 31 23
67 32 26
68 25 19
69 31 41
70 37 30
71 61 58
72 98 46
73 89 8
74 33 56
75 61 31
76 26 6
77 26 15
78 93 33
79 31 23
80 25 44
81 36 37
82 39 23
83 41 20
84 44 37
85 16 26
86 46 3
87 89 43
88 32 8
89 94 35
90 16 14
91 32 57
92 97 8
93 61 2
94 76 55
95 75 13
96 84 36
97 19 21
98 20 39
99 38 56
