0 94 30
1 56 36
2 30 17
3 78 18
4 85 34
5 58 29
6 8 37
7 59 55
8 59 12
9 12 12
0 34 25
1 16 12
2 62 14
3 30 8
4 6 33
5 17 5
6 70 18
7 39 14
8 39 37
9 32 39
0 87 16
1 76 57
2 81 17
3 36 53
4 19 56
5 90 8
6 80 10
7 5 5
8 96 18
9 32 56
0 94 24
1 73 49
2 86 33
3 54 42
4 34 13
5 17 13
6 5 16
7 48 46
8 79 10
9 9 25
0 16 2
1 93 35
2 87 38
3 61 15
4 67 42
5 41 16
6 61 19
7 6 3
8 35 28
9 96 56
0 2 41
1 42 43
2 6 56
3 85 2
4 55 38
5 23 54
6 63 10
7 81 46
8 59 58
9 39 28
0 14 44
1 36 24
2 94 20
3 77 21
4 32 13
5 42 31
6 84 34
7 91 27
8 44 22
9 6 42
0 47 55
1 37 25
2 96 21
3 97 35
4 27 39
5 93 8
6 81 52
7 25 2
8 10 11
9 30 22
0 52 2
1 49 54
2 30 10
3 56 57
4 35 56
5 47 46
6 9 54
7 50 8
8 27 38
9 66 54
0 8 34
1 98 26
2 97 20
3 44 56
4 9 48
5 25 31
6 16 30
7 97 25
8 80 4
9 4 55
0 87 14
1 93 2
2 88 21
3 5 33
4 59 37
5 96 6
6 85 41
7 18 29
8 52 9
9 98 53
0 89 54
1 90 10
2 15 46
3 16 6
4 96 10
5 77 45
6 26 54
7 8 4
8 75 55
9 92 33
0 77 57
1 79 30
2 79 4
3 76 20
4 23 29
5 8 54
6 74 55
7 28 4
8 35 21
9 24 1
0 35 2
1 99 35
2 18 2
3 54 23
4 42 13
5 75 38
6 46 29
7 66 55
8 28 13
9 96 38
0 79 48
1 89 8
2 51 45
3 56 39
4 47 14
5 57 56
6 38 28
7 95 10
8 39 2
9 81 23
0 48 42
1 18 2
2 57 57
3 46 46
4 23 22
5 11 29
6 78 42
7 28 19
8 79 32
9 13 8
0 49 19
1 93 34
2 73 42
3 95 21
4 44 2
5 13 56
6 70 3
7 21 31
8 81 51
9 80 15
0 18 13
1 96 42
2 14 21
3 88 2
4 11 24
5 5 36
6 75 1
7 32 56
8 91 43
9 15 3
0 64 22
1 85 30
2 28 5
3 23 21
4 55 20
5 22 27
6 86 53
7 91 8
8 59 45
9 10 27
0 18 15
1 7 11
2 11 6
3 15 58
4 9 31
5 51 8
6 25 56
7 84 34
8 36 39
9 78 48
0 72 47
1 5 52
2 82 36
3 17 15
4 58 55
5 3 5
6 96 49
7 34 55
8 46 2
9 69 37
0 77 57
1 16 24
2 71 12
3 36 6
4 81 45
5 39 31
6 87 31
7 51 41
8 83 39
9 71 21
0 27 14
1 97 55
2 82 31
3 24 18
4 42 55
5 95 8
6 30 25
7 95 54
8 74 41
9 11 9
0 94 43
1 98 34
2 19 3
3 69 22
4 37 47
5 45 57
6 25 28
7 21 40
8 78 55
9 98 30
0 62 20
1 85 55
2 82 56
3 46 30
4 53 2
5 94 44
6 80 7
7 5 34
8 35 30
9 38 44
0 85 57
1 91 43
2 39 41
3 97 31
4 3 6
5 72 39
6 57 39
7 52 31
8 15 34
9 83 24
0 54 40
1 72 22
2 3 3
3 25 43
4 92 45
5 99 53
6 76 42
7 40 18
8 83 36
9 85 40
0 37 47
1 59 57
2 13 37
3 63 45
4 6 30
5 93 39
6 15 36
7 98 38
8 25 16
9 28 10
0 88 24
1 40 16
2 15 54
3 80 12
4 18 46
5 33 2
6 73 48
7 7 29
8 21 32
9 35 26
0 70 57
1 58 17
2 96 50
3 71 2
4 32 4
5 60 39
6 91 54
7 13 45
8 41 1
9 13 30
0 26 29
1 37 48
2 70 29
3 3 11
4 5 39
5 8 5
6 80 49
7 11 18
8 51 41
9 93 9
0 32 27
1 18 11
2 13 23
3 62 22
4 56 21
5 93 15
6 11 24
7 99 15
8 41 44
9 52 2
0 87 40
1 13 43
2 40 19
3 3 34
4 14 44
5 98 22
6 5 18
7 90 41
8 43 14
9 44 18
0 38 16
1 13 42
2 36 12
3 50 44
4 67 55
5 11 50
6 73 52
7 53 44
8 34 13
9 22 37
0 87 56
1 8 39
2 68 46
3 98 21
4 93 7
5 85 13
6 11 37
7 5 30
8 98 24
9 4 24
0 55 31
1 92 11
2 18 14
3 80 53
4 87 43
5 9 2
6 39 18
7 37 5
8 42 42
9 51 30
0 25 22
1 41 2
2 54 17
3 90 33
4 90 47
5 52 15
6 92 26
7 33 41
8 88 3
9 67 39
0 70 21
1 85 2
2 89 20
3 29 13
4 84 22
5 26 25
6 87 22
7 83 3
8 10 57
9 96 47
0 89 28
1 21 32
2 88 2
3 6 40
4 63 28
5 5 44
6 55 42
7 43 45
8 5 51
9 4 29
0 18 20
1 40 16
2 44 30
3 85 39
4 90 50
5 18 22
6 37 54
7 12 20
8 71 9
9 35 57
0 8 3
1 61 29
2 21 2
3 96 22
4 43 41
5 36 23
6 9 49
7 64 9
8 35 26
9 92 50
0 84 1
1 92 56
2 28 25
3 6 2
4 59 40
5 70 55
6 77 47
7 91 26
8 26 43
9 38 41
0 56 56
1 57 9
2 56 58
3 30 29
4 45 45
5 5 50
6 89 54
7 26 42
8 31 15
9 96 5
0 73 42
1 37 17
2 87 33
3 69 43
4 22 40
5 60 19
6 10 13
7 45 31
8 26 28
9 9 38
0 6 24
1 12 28
2 31 38
3 93 54
4 44 30
5 35 20
6 4 50
7 6 21
8 64 45
9 69 38
0 61 7
1 50 44
2 28 44
3 94 8
4 4 18
5 19 35
6 28 2
7 91 14
8 58 21
9 57 15
0 64 17
1 47 8
2 63 30
3 99 53
4 91 53
5 2 16
6 32 15
7 45 7
8 57 45
9 34 41
0 60 44
1 34 17
2 33 15
3 79 24
4 80 13
5 86 44
6 53 45
7 85 6
8 9 12
9 6 35
0 89 41
1 74 17
2 43 22
3 3 29
4 31 23
5 79 41
6 64 10
7 89 24
8 52 56
9 57 29
0 62 40
1 46 16
2 97 38
3 32 15
4 94 11
5 76 31
6 72 29
7 86 23
8 29 39
9 82 20
0 31 11
1 89 27
2 4 37
3 5 23
4 30 55
5 90 46
6 57 13
7 47 41
8 44 54
9 9 21
0 5 20
1 31 38
2 69 40
3 90 42
4 69 13
5 95 8
6 94 27
7 11 19
8 54 31
9 93 25
0 80 50
1 24 16
2 57 40
3 25 30
4 25 30
5 87 52
6 58 8
7 8 4
8 72 19
9 11 44
0 35 23
1 53 28
2 50 17
3 90 5
4 98 54
5 93 14
6 31 54
7 9 9
8 55 56
9 5 47
0 31 30
1 58 19
2 20 29
3 17 16
4 3 7
5 49 41
6 24 21
7 3 33
8 22 5
9 52 56
0 26 4
1 25 56
2 6 14
3 8 43
4 48 28
5 70 44
6 35 39
7 58 37
8 12 48
9 35 2
0 25 25
1 68 17
2 18 30
3 16 41
4 73 20
5 28 26
6 20 56
7 35 16
8 75 36
9 73 55
0 88 9
1 91 12
2 61 16
3 64 38
4 10 25
5 11 21
6 23 22
7 84 46
8 18 57
9 16 28
0 66 44
1 40 3
2 17 25
3 35 2
4 46 45
5 52 56
6 35 46
7 95 29
8 41 36
9 92 39
0 31 29
1 20 4
2 61 56
3 9 4
4 89 45
5 65 19
6 30 30
7 10 43
8 81 35
9 86 11
0 2 41
1 60 42
2 19 20
3 66 2
4 11 23
5 79 45
6 76 22
7 32 46
8 91 38
9 23 22
0 4 18
1 24 25
2 23 24
3 82 44
4 11 28
5 98 16
6 64 43
7 96 19
8 8 43
9 82 21
0 88 2
1 90 18
2 7 26
3 80 57
4 5 22
5 49 16
6 75 19
7 8 55
8 94 4
9 59 55
0 4 8
1 63 44
2 38 40
3 58 28
4 59 45
5 17 9
6 90 18
7 4 13
8 89 57
9 81 56
0 8 36
1 23 18
2 85 23
3 79 4
4 27 7
5 33 55
6 94 19
7 73 52
8 31 16
9 92 8
0 77 17
1 49 18
2 22 24
3 73 42
4 59 18
5 37 47
6 67 2
7 22 38
8 48 44
9 20 6
0 89 35
1 41 55
2 93 49
3 27 18
4 93 24
5 49 39
6 79 26
7 71 42
8 6 52
9 5 25
0 24 41
1 27 30
2 81 43
3 33 11
4 93 33
5 6 51
6 20 8
7 62 54
8 75 43
9 9 23
0 11 3
1 93 5
2 61 41
3 84 28
4 4 46
5 2 3
6 78 19
7 7 48
8 4 40
9 12 9
0 22 55
1 72 18
2 95 5
3 33 46
4 84 37
5 88 29
6 87 29
7 39 7
8 44 16
9 98 24
0 51 30
1 79 1
2 16 56
3 85 19
4 28 11
5 67 31
6 12 14
7 12 18
8 59 28
9 68 2
0 16 41
1 48 30
2 17 6
3 85 26
4 67 2
5 50 54
6 29 29
7 46 21
8 50 44
9 37 14
0 75 29
1 41 42
2 50 30
3 87 35
4 84 32
5 16 11
6 24 8
7 81 7
8 26 17
9 34 22
0 22 31
1 88 47
2 15 22
3 65 30
4 4 11
5 90 34
6 4 7
7 95 23
8 71 54
9 80 33
0 82 23
1 75 37
2 29 9
3 20 29
4 4 7
5 83 12
6 89 26
7 37 37
8 90 31
9 71 15
0 97 50
1 37 7
2 36 57
3 42 23
4 44 41
5 12 33
6 7 35
7 90 47
8 19 40
9 72 52
0 5 16
1 42 16
2 66 42
3 4 38
4 19 44
5 51 55
6 76 16
7 6 51
8 77 20
9 26 13
0 72 28
1 91 45
2 85 48
3 27 36
4 34 19
5 46 56
6 66 45
7 44 44
8 4 35
9 12 21
0 32 4
1 67 27
2 22 27
3 20 5
4 72 54
5 45 14
6 68 37
7 87 29
8 10 5
9 44 20
0 82 23
1 26 19
2 2 36
3 18 11
4 26 1
5 6 23
6 51 8
7 33 17
8 43 18
9 65 28
0 81 29
1 27 44
2 80 17
3 56 20
4 35 24
5 31 37
6 3 19
7 87 15
8 27 24
9 42 56
0 84 37
1 69 28
2 13 24
3 45 9
4 43 31
5 82 20
6 47 20
7 16 14
8 3 50
9 68 23
0 2 33
1 56 18
2 43 42
3 4 14
4 92 28
5 69 43
6 15 38
7 19 36
8 25 6
9 54 56
0 98 8
1 18 33
2 12 43
3 32 23
4 76 56
5 37 13
6 86 5
7 10 18
8 7 27
9 33 29
0 50 16
1 50 8
2 66 2
3 3 40
4 30 15
5 11 33
6 83 6
7 8 34
8 78 45
9 21 56
0 58 3
1 17 22
2 76 16
3 72 44
4 5 37
5 3 42
6 9 32
7 59 18
8 8 21
9 64 38
0 15 16
1 48 29
2 2 15
3 79 4
4 7 55
5 13 13
6 50 16
7 76 2
8 27 29
9 54 42
0 10 30
1 19 44
2 95 49
3 16 32
4 69 28
5 34 8
6 12 11
7 90 33
8 55 41
9 88 57
0 66 30
1 53 42
2 36 22
3 84 46
4 86 31
5 12 4
6 80 34
7 73 9
8 27 20
9 30 1
0 45 44
1 55 37
2 76 29
3 3 4
4 39 40
5 84 27
6 17 16
7 51 57
8 87 29
9 83 44
0 24 42
1 11 6
2 7 32
3 86 37
4 13 38
5 62 7
6 11 43
7 23 46
8 71 39
9 29 28
0 84 46
1 34 15
2 15 16
3 42 15
4 2 6
5 43 46
6 38 18
7 3 39
8 21 56
9 44 40
0 23 39
1 94 43
2 48 19
3 91 14
4 34 46
5 84 5
6 15 40
7 91 7
8 36 5
9 9 14
0 78 54
1 72 46
2 65 18
3 72 28
4 97 27
5 7 57
6 4 35
7 60 15
8 60 45
9 29 18
0 70 42
1 32 38
2 4 30
3 38 2
4 3 54
5 59 37
6 4 48
7 69 15
8 9 19
9 39 47
0 47 56
1 69 3
2 24 36
3 25 18
4 39 15
5 25 26
6 5 21
7 25 56
8 81 32
9 20 26
0 95 13
1 36 28
2 57 18
3 93 29
4 43 58
5 6 44
6 98 28
7 78 36
8 29 2
9 15 19
0 6 54
1 87 44
2 73 57
3 36 26
4 26 45
5 77 53
6 18 8
7 4 38
8 40 11
9 85 25
0 21 29
1 8 8
2 2 28
3 70 9
4 30 25
5 20 41
6 11 36
7 83 46
8 11 40
9 17 13
0 25 18
1 27 54
2 13 40
3 96 37
4 2 24
5 60 41
6 78 22
7 84 56
8 21 19
9 24 25
